notebooks/paper/example_03/inputs/3Dgeol_surfaces/interfaces_Urgonian_DB.asc
ncols 80
nrows 39
xllcenter 582221
yllcenter 127826
cellsize 100
nodata_value -9999
[rows 0 to 30 of 39, columns 0 to 68 of 80]
2282.38 2292.18 2302.11 2311.96 2321.46 2330.29 2337.74 2342.38 2341.86 2335 2323.36 2308.83 2292.16 2273.61 2253.35 2231.65 2208.73 2184.85 2160.25 2135.14 2109.7 2084.11 2058.56 2033.24 2008.34 1984.07 1960.61 1938.19 1917 1897.24 1879.1 1862.75 1848.34 1836.01 1825.85 1817.91 1812.15 1808.5 1806.76 1806.69 1807.97 1810.28 1813.27 1816.64 1820.02 1872.49 1874.49 1877.53 1888.86 1909.08 1934.87 1965.42 1997.46 2025.21 2044.36 2053.3 2052.16 2042.37 2026.45 2007.14 1986.5 1965.85 1945.95 1927.22 1909.79 1893.62 1878.56 1864.44 1851.1
2293.53 2303.96 2314.57 2325.1 2335.23 2344.51 2351.95 2356.07 2355.58 2350.13 2339.95 2326.41 2310.46 2292.57 2273 2251.97 2229.76 2206.59 2182.67 2158.19 2133.34 2108.3 2083.23 2058.35 2033.83 2009.89 1986.72 1964.52 1943.5 1923.84 1905.72 1889.3 1874.73 1862.12 1851.55 1843.04 1836.57 1832.04 1829.27 1828.02 1828.01 1828.94 1830.52 1832.53 1834.75 1887.11 1890.08 1895.61 1907.26 1927 1953.66 1986.87 2021.88 2049.81 2066.66 2072.27 2067.39 2053.68 2034.36 2012.6 1990.36 1968.7 1948.24 1929.28 1911.88 1895.85 1880.91 1866.74 1853.07
2304.62 2315.64 2326.85 2338 2348.75 2358.66 2366.78 2371.45 2371.27 2366.37 2356.56 2343.46 2328.15 2311 2292.22 2272.03 2250.64 2228.29 2205.14 2181.39 2157.22 2132.79 2108.28 2083.9 2059.84 2036.3 2013.48 1991.58 1970.8 1951.32 1933.31 1916.92 1902.28 1889.5 1878.65 1869.74 1862.75 1857.57 1854.02 1851.88 1850.86 1850.71 1851.2 1852.22 1853.8 1907.33 1911.67 1919.27 1932.18 1952.22 1980.27 2013.61 2049.46 2073.72 2085.13 2085.81 2076.86 2059.77 2038.23 2015.35 1992.52 1970.55 1950.05 1931.33 1914.4 1898.96 1884.53 1870.61 1856.82
2315.65 2327.21 2338.98 2350.68 2362.02 2372.72 2382.21 2389.06 2390.15 2383.94 2373.16 2360.07 2345.35 2329.02 2311.17 2291.94 2271.51 2250.07 2227.79 2204.84 2181.4 2157.65 2133.76 2109.94 2086.39 2063.31 2040.92 2019.4 1998.94 1979.73 1961.92 1945.66 1931.07 1918.25 1907.26 1898.13 1890.83 1885.26 1881.26 1878.59 1876.97 1876.14 1875.93 1876.38 1929.75 1932.96 1938.9 1948.85 1964.12 1985.56 2012.58 2045.72 2077.01 2092.39 2095.76 2090.62 2078.28 2060 2038.79 2016.53 1994.02 1972.19 1951.96 1933.82 1917.77 1903.33 1889.81 1876.49 1862.77
2326.66 2338.73 2351.01 2363.2 2375.04 2386.23 2396.41 2404.14 2405.73 2399.5 2388.76 2376.16 2362.23 2346.88 2330.08 2311.92 2292.53 2272.08 2250.73 2228.64 2205.98 2182.94 2159.7 2136.49 2113.5 2090.96 2069.06 2048 2027.96 2009.12 1991.62 1975.6 1961.17 1948.42 1937.43 1928.24 1920.84 1915.15 1911.03 1908.23 1906.44 1905.39 1904.91 1957.86 1959.47 1963.42 1971.01 1983.68 2002.49 2027.22 2055.19 2081.18 2096.69 2100.51 2095.57 2085.82 2072.83 2057.02 2038.86 2018.33 1996.27 1974.48 1954.5 1937.12 1922.3 1909.3 1897.14 1884.76 1871.34
2337.68 2350.27 2363.05 2375.73 2388.05 2399.73 2410.51 2419.04 2421.18 2414.85 2404.26 2392.24 2379.2 2364.89 2349.21 2332.19 2313.91 2294.51 2274.11 2252.89 2231.02 2208.71 2186.15 2163.57 2141.19 2119.23 2097.9 2077.38 2057.86 2039.49 2022.42 2006.75 1992.6 1980.06 1969.19 1960.07 1952.71 1947.09 1943.12 1940.56 1939.06 1991.27 1991.11 1991.48 1993.11 1997.31 2005.81 2020.35 2041.78 2068.1 2092.05 2104.08 2103.37 2095.42 2083.61 2073.2 2064.39 2054.72 2041.2 2022.34 2001.51 1978.25 1957.87 1941.36 1928.14 1917.08 1906.74 1895.69 1882.8
2348.75 2361.89 2375.23 2388.49 2401.39 2413.71 2425.3 2434.88 2437.64 2430.98 2420.32 2408.81 2396.64 2383.4 2368.89 2353.03 2335.87 2317.5 2298.05 2277.68 2256.58 2234.97 2213.08 2191.15 2169.41 2148.1 2127.4 2107.53 2088.63 2070.85 2054.33 2039.15 2025.41 2013.17 2002.52 1993.52 1986.28 1980.83 2029.36 2027.59 2027.14 2027.45 2027.92 2028.4 2029.55 2032.89 2040.45 2054.23 2075.01 2099.64 2117.8 2118.2 2103.78 2082.75 2063.34 2054.62 2053.9 2055.24 2048.87 2035.27 2008.42 1982.43 1961.7 1946.34 1935.22 1926.61 1918.65 1909.35 1897.23
2359.9 2373.64 2387.63 2401.56 2415.12 2427.86 2439.18 2447.42 2449.61 2444.82 2436.1 2425.93 2414.89 2402.78 2389.42 2374.7 2358.62 2341.23 2322.65 2303.06 2282.67 2261.71 2240.46 2219.17 2198.09 2177.47 2157.5 2138.36 2120.21 2103.16 2087.33 2072.79 2059.59 2047.78 2037.4 2080.3 2073.05 2067.71 2064.45 2063.26 2063.82 2065.37 2066.86 2067.53 2067.74 2068.97 2073.31 2082.67 2098.24 2117.26 2129.75 2123.65 2103.18 2075.35 2046.37 2035.58 2045.53 2063.55 2073.67 2048.51 2014.62 1985.79 1965.18 1951.61 1943.24 1937.76 1932.67 1925.54 1914.48
2371.11 2385.51 2400.25 2415 2429.37 2442.66 2453.69 2460.61 2462.29 2459.31 2452.8 2444.23 2434.38 2423.38 2470.51 2457.29 2442.35 2425.78 2407.74 2329.05 2309.25 2288.85 2268.17 2247.48 2227.08 2207.2 2188.03 2169.75 2206.55 2189.87 2174.41 2160.25 2147.4 2135.85 2125.58 2116.66 2109.24 2103.64 2100.21 2099.17 2100.41 2103.23 2106.05 2107.16 2106.39 2105.23 2104.99 2106.81 2113.04 2122.72 2127.33 2120.74 2105.06 2080.43 2050.72 2034.97 2067.54 2095.36 2093.16 2058.02 2017 1986.98 1967.71 1956.78 1951.75 1949.9 1948.27 1943.78 1933.88
2382.3 2397.4 2412.96 2428.69 2444.17 2458.73 2470.88 2478.16 2479.88 2477.96 2523.79 2519.19 2512.36 2503.73 2493.35 2481.17 2467.15 2451.35 2433.93 2415.14 2395.3 2374.77 2353.95 2333.19 2312.8 2293.05 2274.14 2256.23 2239.41 2223.76 2209.32 2196.13 2184.17 2173.37 2163.6 2154.77 2147 2140.7 2136.39 2134.55 2135.39 2138.56 2142.38 2143.97 2142.69 2140.42 2136.34 2129.38 2125.18 2125.99 2126.13 2121.56 2113.84 2099.49 2079.65 2086.06 2098.9 2114.23 2100.62 2058.17 2015.16 1986.24 1969.21 1961.25 1959.93 1962.34 1964.56 1962.86 1954.07
2393.35 2409.14 2425.5 2442.2 2458.92 2475.15 2489.75 2547.37 2550.69 2549.88 2546.71 2541.68 2535.22 2527.33 2517.81 2506.44 2493.12 2477.86 2460.82 2442.3 2422.68 2402.39 2381.88 2361.56 2341.8 2322.87 2304.95 2288.17 2272.58 2258.18 2244.97 2232.97 2222.14 2212.4 2203.43 2194.89 2186.69 2179.33 2173.48 2169.71 2168.35 2169.47 2171.99 2172.34 2170.04 2167.87 2162.12 2148.62 2135.54 2128.78 2126.57 2127.53 2126.27 2139.44 2130.71 2122.84 2121.34 2114.46 2089.22 2049.77 2011.18 1984.44 1969.21 1963.79 1966.2 1973.01 1979.48 1980.66 1973.11
2404.12 2420.5 2437.52 2454.96 2472.52 2489.85 2558.22 2570.01 2575.89 2574.7 2570.54 2565.39 2559.44 2552.32 2543.59 2532.9 2520.06 2505.09 2488.16 2469.62 2449.94 2429.63 2409.25 2389.26 2370.08 2352 2335.2 2319.76 2305.64 2292.77 2281.07 2270.47 2260.99 2252.6 2244.93 2237.15 2228.72 2220.25 2212.7 2206.55 2201.7 2197.96 2194.93 2189.98 2183.81 2179.53 2172.63 2157.38 2138.4 2124.65 2120.99 2124.77 2142.88 2139.54 2133.9 2129.09 2119.16 2096.81 2066.03 2036.43 2005.96 1981.89 1967.71 1963.69 1968.71 1979.47 1990.96 1994.97 1988.33
2414.51 2431.32 2448.76 2466.56 2484.33 2556.79 2572.14 2584.59 2591.9 2593.57 2591.8 2588.44 2583.94 2578.01 2570.2 2560.14 2547.62 2532.68 2515.54 2496.65 2476.58 2455.97 2435.46 2415.65 2396.98 2379.79 2364.23 2350.35 2338.02 2327.05 2317.19 2308.27 2300.26 2293.32 2287.36 2281.16 2273.05 2263.77 2255 2247.35 2240.14 2231.74 2220.74 2206.02 2191.59 2181.58 2172.83 2158.69 2137.41 2119.93 2120.66 2124.23 2127.6 2127.93 2127.76 2120.72 2103.67 2076.46 2049.11 2026.19 2000.15 1976.21 1961.78 1967.33 1972.28 1983.88 1996.18 2002.4 1995.68
2424.44 2441.51 2459.14 2476.97 2550.85 2567.51 2582.57 2595.03 2603.83 2608.76 2610.62 2610.32 2608.12 2603.85 2597.14 2587.67 2575.29 2560.1 2542.41 2522.79 2501.95 2480.7 2459.81 2439.98 2421.73 2405.41 2391.2 2379.09 2368.89 2360.25 2352.75 2345.94 2339.59 2333.9 2329.37 2325.22 2318.24 2308.61 2299.06 2291.12 2284.1 2274.64 2257.31 2230.92 2204.69 2185.43 2173.76 2163.56 2145.19 2128.61 2118.73 2115.3 2114.41 2114.67 2114.35 2107.23 2086.28 2062.01 2039.11 2015.28 1990.38 1968.1 1955.85 1953.16 1961.87 1977.45 1991.83 1998.1 1989.44
2433.9 2451.05 2468.67 2486.35 2560.44 2576.82 2591.64 2604.42 2614.85 2622.84 2628.36 2631.41 2631.87 2629.47 2623.91 2614.93 2602.47 2586.7 2568.08 2547.31 2525.3 2503.04 2481.47 2461.4 2443.43 2427.93 2415.1 2404.91 2397.12 2391.27 2386.72 2382.73 2378.64 2374.35 2370.47 2366.98 2360.69 2350.73 2340.09 2331.21 2323.75 2314.23 2293.72 2259.32 2222.93 2194.33 2180.34 2177.7 2169.28 2149.86 2132.99 2119.98 2110.58 2105.21 2101.59 2091.88 2075.43 2054.29 2029.55 2002.25 1970.92 1946.82 1931.41 1929.95 1944.53 1962.75 1975.25 1980.43 1965.85
2442.99 2460.03 2477.43 2551.91 2569.11 2585.4 2600.39 2613.89 2626.1 2637.05 2646.01 2652.25 2655.28 2654.67 2650.09 2641.34 2628.46 2611.72 2591.72 2569.34 2545.72 2522.08 2499.54 2479.03 2461.18 2446.4 2434.87 2426.59 2421.31 2418.49 2417.36 2416.86 2415.89 2413.72 2410.48 2405.89 2397.82 2385.65 2372.16 2360.02 2348.62 2334.23 2310.19 2275.69 2238.77 2210.92 2196.58 2199.23 2199.37 2184.86 2162.65 2136.37 2114.54 2100 2089.46 2079.42 2066.97 2049.82 2031.06 2000.36 1964.02 1929.79 1906.73 1906.81 1929.09 1951.95 1954.31 1944.26 1921.69
2451.85 2468.57 2542.8 2560.06 2577.02 2593.45 2609.19 2624.08 2638.39 2652.35 2664.35 2673.31 2678.47 2679.22 2675.19 2666.23 2652.46 2634.28 2612.42 2587.95 2562.29 2536.91 2513.17 2492.05 2474.19 2459.95 2449.53 2442.95 2439.98 2440.06 2442.27 2445.35 2447.72 2447.79 2445.11 2439.23 2427.96 2411.15 2392.67 2375.49 2358.99 2339.53 2318.05 2284.76 2251.19 2227.61 2220.51 2224.64 2225.64 2216.67 2192.89 2155.66 2122.04 2099.84 2083.75 2069.71 2061.68 2051.09 2034.06 2005.48 1964.56 1927.34 1904.24 1909.9 1941.1 1935.28 1917.27 1893.83 1865.23
2460.78 2476.99 2551.02 2567.7 2584.32 2601.01 2618.17 2635.96 2653.43 2669.77 2683.95 2694.87 2701.42 2702.8 2698.62 2688.8 2673.57 2653.43 2629.21 2602.18 2574.05 2546.68 2521.63 2499.87 2481.91 2468.02 2458.37 2453.06 2451.92 2454.32 2459.16 2464.99 2469.84 2471.46 2469.41 2463.42 2449.36 2426.33 2402.48 2382.89 2364.9 2343.15 2314.29 2280.27 2252.17 2238.27 2237.86 2240.85 2234.49 2223.4 2197.54 2161.56 2130.44 2105.94 2084.87 2072.18 2061.92 2050.4 2033.78 2004.38 1969.2 1945.19 1942.32 1969.2 1945.1 1905.74 1870.35 1838.72 1806.31
2470.21 2543.6 2559.47 2575.32 2591.38 2608.17 2626.83 2648.26 2669.81 2688.71 2704.73 2716.83 2723.78 2724.82 2719.58 2708.09 2690.73 2668.11 2641.12 2611.13 2580.2 2550.71 2524.47 2502.27 2484.27 2470.5 2461.17 2456.47 2456.18 2460 2466.76 2474.66 2480.33 2482.66 2481.52 2476.56 2460.76 2430.53 2402.2 2381.63 2363.81 2341.44 2312.93 2278.87 2246.99 2236.52 2238.19 2238.42 2232.33 2216.98 2190.82 2159.8 2130.14 2108.89 2091.61 2075.13 2059.99 2047.21 2030.58 2004.28 1979.11 1982.62 2022.52 1998.39 1928.85 1866.96 1822.31 1786.06 1751.49
2538.74 2553.99 2568.9 2583.75 2599.09 2615.92 2635.95 2660.41 2686.37 2708.84 2726.34 2738.5 2744.7 2744.32 2737.04 2722.99 2702.77 2677.25 2647.27 2614.1 2580.19 2548.75 2521.84 2499.72 2481.85 2467.94 2457.92 2452.58 2452.74 2457.95 2467.7 2475.44 2481.93 2485.09 2484.53 2478.83 2459.29 2424.5 2396.42 2375.83 2360.09 2336.08 2308.72 2273.23 2243.62 2231.99 2232.83 2230.35 2221.13 2204.24 2179.94 2151.44 2126.67 2105.71 2086.23 2067.92 2054.7 2046.44 2037.55 2021.89 2023.39 2051.57 2043.55 1995.02 1903.28 1828.89 1777.7 1739.28 1703.02
2551.6 2566.29 2580.28 2594.08 2608.76 2626.15 2648.61 2677.31 2707.17 2730.75 2747.45 2758.14 2762.57 2760 2749.83 2732.26 2708.36 2679.58 2646.88 2610.88 2574.16 2541.35 2514.8 2493.61 2476 2460.75 2449.08 2443.11 2444.03 2453.53 2461.13 2469.92 2477.56 2481.92 2481.41 2472.32 2448.64 2415.05 2388.69 2364.49 2348.84 2330.7 2304.29 2269.75 2240.06 2225.28 2221.52 2215.9 2204.49 2186.85 2166.24 2142.01 2116.94 2095 2077.46 2065.39 2059.19 2056.31 2077.91 2108.71 2087.62 2061.67 2032.75 1969.27 1871.95 1791.88 1737.61 1697.18 1660.12
2566.81 2581.35 2594.65 2607.45 2621.43 2639.5 2664.91 2697.42 2728.28 2749.84 2764.01 2772.65 2775.4 2770.43 2756.81 2734.73 2706.07 2673.62 2639.16 2601.95 2563.39 2530.52 2505.78 2486.24 2468.11 2451.22 2437.94 2438.21 2437.7 2442.87 2451.32 2460.63 2468.54 2471.37 2469.74 2457.96 2429.01 2400.5 2375.86 2356.78 2339.96 2320.67 2294.99 2264.4 2238.22 2222.93 2214.11 2203.72 2189.05 2170.71 2150.53 2127.67 2105.01 2087.56 2077.43 2103.67 2103.26 2133.94 2119.26 2100.09 2072.11 2035.86 1994.17 1924.77 1833.13 1756.66 1701.52 1659.35 1623.14
2584.7 2599.74 2612.88 2624.78 2637.49 2654.81 2680.55 2713.09 2741.72 2759.61 2771.51 2779.31 2781.22 2774.44 2757.11 2729.63 2694.94 2657.77 2622.39 2587.77 2550.94 2520.41 2497.98 2480.15 2462.74 2445 2438.56 2428.2 2427.07 2433.42 2440.6 2448.28 2455.07 2453.81 2450.72 2437.24 2414.34 2389.09 2367.03 2347.8 2328.68 2307.49 2282.95 2257 2236.09 2223.32 2212.22 2197.28 2178.99 2157.29 2133.79 2110.91 2094.34 2115.37 2110.45 2144.99 2141.34 2125.67 2099.58 2068.1 2031.81 1990.31 1940.15 1870.37 1791.22 1722.76 1669.59 1627.68 1591.45
2605.01 2621.48 2635.32 2646.7 2657.27 2671.18 2692.77 2719.64 2742.3 2757.18 2768.52 2776.84 2779.06 2770.92 2750.07 2717.07 2676.08 2633.43 2595.47 2565.86 2538.24 2513.1 2492.65 2480.69 2472.4 2467.91 2446.3 2429.88 2425.13 2429.28 2435.51 2434.63 2439.25 2442.87 2439.99 2425.11 2400.21 2375.82 2357.12 2337.74 2315.03 2291.02 2267.12 2243.96 2227.05 2218.08 2206.6 2190.89 2171.45 2147.22 2118.36 2119.2 2134.68 2131.49 2126.08 2119.66 2108.35 2087.25 2056.97 2020.32 1979.8 1934.14 1880.48 1816.94 1750.45 1690.69 1641.1 1599.96 1563.49
2626.63 2645.56 2661.4 2673.49 2682.14 2690.72 2705.01 2722.05 2735.43 2746.6 2757.5 2766.41 2768.66 2758.93 2734.74 2697.94 2653.93 2609.7 2572.36 2546.41 2525.5 2505.57 2493.37 2489.83 2498.77 2488.95 2469.15 2439.42 2424.77 2429.11 2434.19 2435.23 2440.43 2442.9 2438.36 2406.24 2381.19 2361.25 2346.83 2326.28 2298 2270.09 2246.36 2225.48 2210.36 2199.23 2200.66 2182.69 2168.9 2169.01 2139.82 2112.57 2095.94 2083.83 2073.49 2063.56 2048.97 2026.33 1996.02 1959.44 1918.65 1873.98 1824.21 1769.44 1713.54 1661.49 1615.72 1575.84 1540.06
2647.51 2669.53 2688.62 2703.69 2713.89 2719.55 2724.23 2726.32 2728.52 2734.61 2742.49 2749.45 2749.49 2736.1 2709.23 2673.36 2633.09 2593.49 2560.16 2535.39 2515.83 2501.78 2506.75 2509.8 2509.63 2454.65 2447.53 2439.57 2439.96 2442.91 2445.07 2442.34 2426.89 2423.25 2415.45 2397.7 2370.64 2350.96 2333.52 2308.55 2275.73 2246.62 2222.33 2202.59 2190.87 2184.8 2166.7 2178.29 2160.28 2138.49 2106.78 2076.53 2049.4 2028.61 2011.61 1996.61 1979.42 1956.62 1928.2 1895.53 1859.52 1820.14 1776.79 1730.04 1682.3 1636.37 1593.93 1555.43 1520.45
2664.99 2689.73 2711.9 2730.45 2744.26 2751.13 -9999 2728.18 2723.36 2723.78 2725.7 2727.13 2720.18 2699.8 2673.2 2645.41 2615.46 2583.92 2554.66 2530.13 2511.17 2503.17 2491.9 2482.79 2473.97 2470.74 2468.77 2465.41 2462.16 2454.54 2451.28 2449.53 2446.34 2437.48 2419.39 2391.69 2361.23 2334.96 2306.84 2272.77 2238.5 2214.52 2193.63 2172.97 2166.07 2173.82 2184.38 2188.89 2163.97 2129.52 2084.03 2046.75 2016.16 1989.1 1963.01 1940.65 1919.73 1896.4 1871.02 1843.29 1812.76 1778.63 1740.48 1699.6 1657.73 1616.22 1576.06 1538.43 1504.03
2676.71 2702.68 2725.89 2744.89 2757.46 -9999 -9999 -9999 2720.93 2715.54 2713.47 2704.85 2684.41 2656.68 2635.1 2619.73 2602.72 2580.19 2554.57 2530.57 2516.4 2504.75 2495.76 2491.47 2488.53 2486.21 2484.09 2480.28 2475.55 2472.65 2472.13 2471.91 2467 2451.52 2421.42 2378.95 2338.02 2299.96 2258.11 2218.67 2190.17 2173.1 2160.4 2208.54 2204.97 2200.6 2184.11 2164.67 2166.42 2073.7 2051.07 2028.32 2001.54 1968.61 1931.81 1904.25 1881.35 1856.53 1833.18 1808.26 1781.85 1750.8 1715.15 1678.06 1640.36 1601.72 1562.17 1524.5 1490.48
2681.64 2707.02 2728.88 2745.36 2753.99 -9999 -9999 -9999 -9999 -9999 2717.82 2694.02 2658.32 2625.95 2609.57 2604.18 2597.81 2582.8 2560.18 2538.53 2519.51 2506.12 2499.01 2496.55 2494.62 2491.67 2488.57 2485.19 2481.34 2479.9 2480.12 2479.5 2470.8 2444.26 2396.57 2345.35 2305.08 2262.32 2218.19 2183.12 2161.68 2211.22 2201.08 2191.52 2181.78 2169.43 2152.86 2144.06 2143.95 2045.59 2024.75 2010.19 1990.25 1955.47 1916.39 1887.23 1863.39 1837.15 1813.89 1788.66 1765.25 1734.75 1699.62 1665.12 1630.35 1593.53 1552.26 1513.82 1480.02
2680.51 2704.12 2723.41 2736.51 2741.69 -9999 -9999 -9999 -9999 -9999 -9999 2696.17 2653.31 2618.32 2604.51 2603.94 2602.89 2591.87 2571.37 2548.14 2527.95 2512.77 2502.99 2497.5 2494.49 2492.04 2487.6 2484.41 2480.81 2477.23 2472.87 2465.74 2445.84 2402.8 2355.84 2340.21 2362.81 2330.48 2276.39 2228.01 2198 2180.45 2168.1 2156.44 2144.81 2132.71 2117.74 2105.75 2067.52 2037.43 2014.49 1997.83 1977.2 1944.9 1910.63 1881.57 1856.63 1831.23 1805.44 1780.28 1756.82 1727.25 1693.59 1660.32 1626.33 1590.57 1546.9 1508.5 1473.94
2675.37 2697.17 2714.34 2725.34 2729.35 -9999 -9999 -9999 -9999 -9999 -9999 -9999 -9999 2634.2 2621.48 2618.73 2617.32 2607.1 2584.7 2561.05 2541.13 2523.92 2510.02 2500.38 2494.46 2489.17 2487.47 2482.88 2474.52 2464.94 2454.97 2439.13 2433.54 2396.24 2424.97 2375.54 2329.83 2291.04 2241.67 2200.11 2174.18 2159.6 2149.58 2138.3 2124.88 2108.85 2091.05 2073.63 2055.91 2034.18 2012.19 1991.2 1966.46 1937.59 1907.66 1879.75 1854.03 1828.65 1803.2 1778.75 1754.75 1727.48 1696.78 1664.14 1629.22 1591.47 1549.78 1510.25 1473.31
