notebooks/paper/example_03/inputs/3Dgeol_surfaces/interfaces_Malm_DB.asc
ncols 80
nrows 39
xllcenter 582221
yllcenter 127826
cellsize 100
nodata_value -9999
[rows 0 to 29 of 39, columns 0 to 66 of 80]
1587.65 1580.76 1573.34 1565.49 1557.15 1548.34 1539.02 1530.9 1528.42 1532 1536.77 1538.87 1537.78 1533.85 1527.41 1518.55 1507.47 1494.31 1479.25 1462.47 1444.17 1424.57 1403.88 1382.33 1360.14 1337.51 1314.65 1291.76 1269.03 1246.58 1224.64 1203.35 1182.86 1163.32 1144.88 1127.68 1111.87 1097.55 1084.85 1073.84 1064.52 1056.86 1050.76 1046.36 1044.11 1044.99 1050.6 1063.25 1081.2 1105.34 1135.69 1166.76 1193.45 1215.56 1234.3 1250.07 1262.28 1270.36 1273.96 1273.26 1268.6 1260.7 1250.11 1237.31 1222.68 1206.47 1188.91
1603.44 1596.93 1589.75 1582.12 1573.99 1565.37 1556.24 1548.14 1545.68 1549.66 1555.07 1557.99 1557.87 1555.04 1549.6 1541.77 1531.67 1519.44 1505.24 1489.28 1471.75 1452.89 1432.92 1412.07 1390.55 1368.6 1346.4 1324.16 1302.06 1280.28 1258.97 1238.28 1218.38 1199.39 1181.45 1164.7 1149.26 1135.24 1122.74 1111.83 1102.54 1094.85 1088.69 1084.12 1081.26 1080.57 1083.19 1090.89 1104.33 1124.69 1153.04 1181.69 1204.53 1222.86 1239.03 1253.23 1264.41 1271.74 1274.76 1273.43 1268.39 1260.2 1249.43 1236.53 1221.82 1205.52 1187.78
1619.44 1613.29 1606.46 1599.1 1591.31 1583.13 1574.82 1567.51 1564.9 1568.73 1573.72 1576.85 1577.52 1575.58 1571.19 1564.39 1555.29 1544.01 1530.71 1515.6 1498.89 1480.81 1461.61 1441.5 1420.73 1399.51 1378.04 1356.53 1335.14 1314.06 1293.44 1273.42 1254.12 1235.7 1218.26 1201.92 1186.8 1172.97 1160.54 1149.56 1140.07 1132.09 1125.58 1120.64 1117.37 1116.15 1117.82 1123.6 1134.41 1151.73 1175.15 1196.59 1212.32 1226.6 1240.48 1253.25 1263.62 1270.26 1272.7 1271.05 1265.83 1257.62 1246.96 1234.24 1219.73 1203.58 1185.88
1635.66 1629.99 1623.57 1616.54 1609.11 1601.56 1594.5 1588.98 1587.12 1589.27 1593 1595.9 1597.07 1595.98 1592.48 1586.66 1578.51 1568.14 1555.73 1541.47 1525.58 1508.31 1489.9 1470.59 1450.6 1430.17 1409.49 1388.76 1368.16 1347.85 1327.96 1308.64 1290 1272.17 1255.22 1239.27 1224.41 1210.7 1198.22 1187.01 1177.14 1168.63 1161.57 1156 1152.23 1150.65 1151.96 1157.08 1166.65 1180.73 1195.34 1203.05 1212.38 1225.7 1238.71 1250.45 1260.04 1265.97 1267.9 1266.02 1260.85 1252.92 1242.68 1230.44 1216.4 1200.63 1183.18
1652.07 1646.97 1641.06 1634.46 1627.38 1620.15 1613.39 1608.38 1606.64 1608.38 1611.86 1615.05 1616.73 1616.37 1613.74 1608.76 1601.45 1591.93 1580.34 1566.9 1551.82 1535.36 1517.76 1499.26 1480.1 1460.5 1440.68 1420.8 1401.04 1381.56 1362.47 1343.9 1325.95 1308.72 1292.28 1276.72 1262.07 1248.42 1235.8 1224.25 1213.84 1204.62 1196.73 1190.33 1185.66 1183.25 1183.61 1187.24 1194.13 1202.51 1207.46 1205.11 1211.31 1223.64 1235.06 1245.43 1253.84 1258.87 1260.27 1258.27 1253.42 1246.08 1236.56 1225.08 1211.75 1196.59 1179.58
1668.56 1664.14 1658.84 1652.72 1645.91 1638.54 1630.94 1624.37 1621.96 1625.05 1630.11 1634.32 1636.75 1637.05 1635.08 1630.79 1624.2 1615.41 1604.57 1591.88 1577.58 1561.91 1545.11 1527.45 1509.15 1490.44 1471.51 1452.55 1433.71 1415.12 1396.9 1379.15 1361.94 1345.35 1329.44 1314.24 1299.81 1286.17 1273.36 1261.36 1250.27 1240.17 1231.2 1223.57 1217.6 1213.61 1212.04 1212.93 1215.69 1218.52 1218.45 1215.87 1217.66 1223.31 1230.56 1238.81 1245.4 1248.91 1249.44 1247.51 1243.34 1237.02 1228.53 1218.06 1205.66 1191.29 1174.87
1684.98 1681.32 1676.71 1671.14 1664.61 1657.03 1648.38 1639.76 1636.29 1641.54 1648.52 1653.9 1657.04 1657.9 1656.46 1652.73 1646.73 1638.56 1628.38 1616.38 1602.8 1587.88 1571.89 1555.07 1537.66 1519.87 1501.91 1483.93 1466.08 1448.47 1431.2 1414.33 1397.93 1382.03 1366.67 1351.87 1337.63 1323.97 1310.88 1298.38 1286.49 1275.34 1265.01 1255.81 1248 1241.9 1237.69 1235.19 1233.85 1232.4 1229.77 1226.39 1224.37 1224.06 1226.39 1230.92 1234.52 1235.65 1235.21 1233.63 1230.55 1225.54 1218.41 1209.22 1197.9 1184.44 1168.7
1701.09 1698.24 1694.37 1689.42 1683.26 1675.72 1666.72 1657.78 1654.51 1659.91 1667.68 1673.77 1677.44 1678.72 1677.69 1674.4 1668.9 1661.26 1651.66 1640.29 1627.38 1613.19 1597.98 1582 1565.5 1548.68 1531.74 1514.82 1498.05 1481.52 1465.29 1449.4 1433.88 1418.74 1403.98 1389.58 1375.54 1361.83 1348.43 1335.31 1322.5 1310.07 1298.17 1287.05 1277.03 1268.3 1261.09 1255.25 1250.34 1245.58 1240.67 1235.7 1231.08 1226.89 1224.03 1222.35 1220.8 1218.87 1217.52 1216.6 1214.99 1211.67 1206.13 1198.27 1188.1 1175.6 1160.57
1716.64 1714.6 1711.49 1707.15 1701.49 1694.26 1685.4 1676.46 1673.11 1679.03 1687.11 1693.51 1697.5 1699.15 1698.49 1695.6 1690.53 1683.38 1674.29 1663.48 1651.19 1637.68 1623.23 1608.09 1592.54 1576.71 1560.85 1545.08 1529.49 1514.14 1499.07 1484.27 1469.74 1455.44 1441.33 1427.37 1413.52 1399.73 1385.93 1372.1 1358.21 1344.33 1330.6 1317.29 1304.69 1293.12 1282.78 1273.67 1265.58 1258.15 1251.02 1244.2 1237.46 1230.45 1222.5 1213.77 1205.73 1200.15 1197.7 1197.13 1196.91 1195.42 1191.58 1185.04 1175.89 1164.2 1149.79
1731.39 1730.11 1727.67 1723.97 1718.79 1711.95 1703.41 1694.55 1691.39 1697.59 1705.87 1712.48 1716.78 1718.78 1718.53 1716.07 1711.42 1704.71 1696.09 1685.79 1674.07 1661.2 1647.47 1633.16 1618.53 1603.77 1589.06 1574.52 1560.22 1546.18 1532.4 1518.83 1505.4 1492.05 1478.67 1465.19 1451.53 1437.61 1423.33 1408.65 1393.51 1377.97 1362.18 1346.43 1331.08 1316.52 1303.04 1290.8 1279.78 1269.75 1260.52 1251.6 1242.58 1232.53 1220.47 1206.28 1192.88 1183.45 1178.19 1176.25 1176.81 1177.23 1174.91 1169.29 1160.72 1149.48 1135.53
1745.11 1744.49 1742.71 1739.53 1734.77 1728.24 1719.99 1711.38 1708.51 1714.68 1723.21 1730.14 1734.88 1737.36 1737.58 1735.56 1731.37 1725.07 1716.88 1707.04 1695.81 1683.53 1670.49 1656.99 1643.3 1629.62 1616.12 1602.9 1590.02 1577.41 1565.08 1552.89 1540.73 1528.45 1515.9 1502.96 1489.49 1475.38 1460.52 1444.82 1428.24 1410.83 1392.77 1374.4 1356.17 1338.58 1322.03 1306.81 1292.98 1280.43 1268.91 1257.87 1246.36 1233.51 1218.27 1200.95 1184.19 1170.33 1159.88 1155.15 1156.11 1158.08 1156.56 1150.73 1141.88 1130.64 1116.9
1757.66 1757.65 1756.43 1753.72 1749.3 1743.01 1735.08 1727.25 1724.9 1730.51 1739.01 1746.39 1751.68 1754.73 1755.48 1753.94 1750.16 1744.29 1736.48 1727.02 1716.22 1704.45 1692.03 1679.31 1666.54 1653.96 1641.73 1629.91 1618.53 1607.53 1596.8 1586.17 1575.44 1564.4 1552.81 1540.47 1527.21 1512.86 1497.3 1480.43 1462.21 1442.73 1422.22 1401.13 1380.01 1359.46 1339.98 1321.93 1305.45 1290.45 1276.65 1263.32 1249.62 1234.62 1217.5 1198.49 1178.99 1160.43 1144.33 1135.84 1137.22 1139.68 1136.35 1128.34 1118.18 1106.63 1093.07
1768.94 1769.49 1768.81 1766.6 1762.63 1756.77 1749.35 1741.88 1739.5 1745.46 1753.99 1761.59 1767.32 1770.87 1772.13 1771.05 1767.69 1762.15 1754.68 1745.52 1735.07 1723.71 1711.85 1699.83 1687.96 1676.47 1665.51 1655.15 1645.38 1636.1 1627.13 1618.24 1609.14 1599.53 1589.04 1577.38 1564.34 1549.72 1533.35 1515.15 1495.12 1473.4 1450.35 1426.54 1402.63 1379.31 1357.12 1336.47 1317.49 1300.12 1284.02 1268.64 1253.08 1236.54 1218.35 1198.42 1177.24 1155.94 1136.49 1124.05 1122.95 1120.56 1110.95 1099.08 1087.78 1076.46 1063.53
1778.88 1779.98 1779.85 1778.23 1774.93 1769.96 1763.93 1758.57 1757.34 1761.66 1768.88 1776.06 1781.89 1785.78 1787.45 1786.79 1783.77 1778.52 1771.28 1762.33 1752.11 1741.06 1729.64 1718.25 1707.2 1696.76 1687.06 1678.18 1670.06 1662.58 1655.5 1648.5 1641.19 1633.14 1623.89 1613.03 1600.24 1585.29 1568.01 1548.36 1526.39 1502.37 1476.81 1450.43 1423.98 1398.18 1373.6 1350.6 1329.33 1309.72 1291.49 1274.12 1256.96 1239.11 1220.15 1199.79 1178.21 1156.71 1137.43 1122.7 1108.05 1089.09 1071.67 1059.36 1049.81 1040.22 1028.68
1787.52 1789.08 1789.51 1788.55 1786.02 1782.02 1777.26 1773.39 1772.75 1776.31 1782.59 1789.36 1795.19 1799.31 1801.31 1800.98 1798.24 1793.18 1786.03 1777.2 1767.08 1756.23 1745.15 1734.27 1723.95 1714.47 1705.96 1698.49 1691.99 1686.3 1681.14 1676.1 1670.7 1664.33 1656.4 1646.37 1633.8 1618.43 1600.14 1578.93 1555 1528.76 1500.91 1472.28 1443.7 1415.87 1389.29 1364.26 1340.92 1319.22 1298.94 1279.71 1260.87 1241.8 1222.03 1201.24 1179.7 1158.25 1138.31 1117.96 1086.33 1047.28 1024.87 1015.35 1008.07 1000.23 990.22
1794.8 1796.77 1797.71 1797.37 1795.51 1792.05 1787.32 1783.04 1782.24 1786.53 1793.5 1800.74 1806.82 1811.19 1813.47 1813.4 1810.85 1805.88 1798.74 1789.83 1779.75 1768.97 1758.11 1747.64 1737.94 1729.28 1721.82 1715.6 1710.56 1706.52 1703.17 1700.03 1696.49 1691.8 1685.17 1675.86 1663.38 1647.43 1627.99 1605.18 1579.38 1551.19 1521.47 1491.15 1461.05 1431.77 1403.68 1377 1351.85 1328.23 1306.01 1284.88 1264.44 1244.01 1223.19 1201.6 1179.3 1156.64 1133.19 1105.35 1065.39 1020.86 993.164 979.144 969.008 960.284 951.146
1800.73 1803 1804.37 1804.55 1803.2 1799.98 1794.72 1788.73 1786.91 1793.22 1801.85 1809.95 1816.47 1821.14 1823.67 1823.79 1821.34 1816.33 1809.05 1799.99 1789.77 1779.02 1768.34 1758.19 1748.99 1741 1734.38 1729.16 1725.27 1722.55 1720.68 1719.17 1717.27 1714.05 1708.5 1699.69 1687.01 1670.23 1649.46 1625.06 1597.62 1567.92 1536.97 1505.71 1474.84 1444.8 1415.79 1387.93 1361.3 1336 1312 1289.12 1267.06 1245.21 1223.11 1200.29 1176.48 1151.41 1123.96 1091.04 1049.91 1007.63 974.943 952.224 935.605 924.225 914.681
1805.35 1807.78 1809.43 1810.03 1809.14 1806.26 1801.11 1795.43 1793.93 1799.66 1808.58 1817.18 1824.05 1828.98 1831.69 1831.88 1829.37 1824.16 1816.59 1807.28 1796.93 1786.21 1775.72 1765.88 1757.1 1749.65 1743.62 1739.04 1735.84 1733.91 1732.98 1732.57 1731.84 1729.68 1724.82 1716.12 1702.89 1685.01 1662.79 1636.87 1608.07 1577.42 1545.96 1514.55 1483.73 1453.68 1424.38 1395.85 1368.18 1341.52 1316.02 1291.61 1268.06 1244.83 1221.4 1197.15 1171.57 1144.05 1113.47 1078.19 1037.9 996.801 960.497 931.021 909.519 895.672 884.3
1808.74 1811.16 1812.94 1813.82 1813.35 1810.97 1806.43 1801.9 1801.39 1805.53 1814.03 1822.66 1829.63 1834.62 1837.34 1837.43 1834.62 1828.93 1820.85 1811.2 1800.83 1790.35 1780.19 1770.8 1762.47 1755.46 1749.81 1745.47 1742.39 1740.54 1739.8 1739.76 1739.58 1737.91 1733.24 1724.24 1710.16 1691 1667.32 1640.03 1610.2 1579.05 1547.67 1516.8 1486.71 1457.3 1428.33 1399.65 1371.38 1343.79 1317.15 1291.54 1266.78 1242.34 1217.66 1192.06 1164.85 1135.37 1102.83 1066.53 1026.87 986.3 948.239 915.774 892.206 874.88 860.201
1811.05 1813.26 1814.96 1815.94 1815.8 1813.84 1809.82 1804.99 1803.7 1809.35 1817.99 1826.39 1833.28 1838.1 1840.58 1840.27 1836.8 1830.21 1821.24 1811.17 1801.07 1791.29 1781.87 1773.12 1765.46 1758.95 1753.55 1749.09 1745.49 1742.89 1741.47 1741.05 1740.74 1739.03 1734.12 1724.5 1709.43 1689 1663.98 1635.46 1604.79 1573.42 1542.47 1512.55 1483.65 1455.35 1427.14 1398.75 1370.29 1342.17 1314.78 1288.32 1262.65 1237.24 1211.52 1184.75 1156.23 1125.36 1091.63 1054.84 1015.57 975.446 937.161 903.697 877.481 857.088 835.279
1812.49 1814.29 1815.66 1816.52 1816.54 1814.99 1811.38 1806.72 1805.71 1811.63 1820.44 1828.65 1835.19 1839.58 1841.53 1840.48 1835.92 1827.84 1817.39 1806.74 1797.42 1789.1 1780.96 1773.23 1766.51 1760.8 1755.68 1750.85 1746.11 1741.88 1738.93 1737.46 1736.59 1734.49 1729.1 1718.76 1702.76 1681.23 1654.96 1625.25 1593.77 1562.16 1531.75 1502.97 1475.48 1448.52 1421.28 1393.4 1365.02 1336.66 1308.84 1281.82 1255.51 1229.32 1202.73 1174.99 1226.45 1196.4 1079.19 1042.12 1003.07 963.407 925.306 891.047 861.898 835.003 804.684
1813.35 1814.54 1815.33 1815.79 1815.8 1814.69 1811.71 1807.22 1806.23 1812.8 1821.94 1829.79 1835.68 1839.35 1840.51 1838.49 1832.56 1822.48 1809.95 1798.39 1790.5 1784.56 1777.95 1771.43 1766.22 1761.65 1757.05 1751.87 1745.45 1738.7 1733.51 1730.67 1729.11 1726.58 1720.65 1709.7 1693.01 1670.58 1643.1 1612.02 1579.44 1547.49 1517.58 1489.98 1463.96 1438.33 1412.07 1384.7 1356.46 1327.98 1299.9 1272.53 1245.73 1218.86 1269.58 1242.42 1213.66 1182.81 1149.53 1113.77 989.086 949.852 911.601 876.03 843.349 811.866 781.31
1814 1814.43 1814.38 1814.11 1813.86 1813.32 1811.72 1808.03 1806.76 1814.79 1823.59 1830.32 1835.08 1837.77 1838.03 1835.08 1828.07 1816.6 1802.41 1789.64 1783.53 1779.86 1774.16 1768.34 1765.31 1762.03 1758.05 1753.19 1744.76 1734.7 1726.96 1722.91 1720.9 1717.95 1711.4 1700.02 1683.06 1659.87 1631 1598.23 1564.21 1531.7 1502.25 1475.82 1451.17 1426.69 1401.18 1374.18 1346 1317.4 1289.13 1261.5 1234.17 1283.25 1256.05 1227.85 1198.22 1166.75 1133.12 1097.26 1059.45 935.033 896.802 860.313 825.904 793.445 763.626
1814.84 1814.49 1813.41 1811.98 1810.7 1810.51 1811.3 1811.55 1813.02 1819.15 1825.33 1830.09 1833.34 1835.04 1834.57 1831.12 1823.93 1812.77 1799.34 1787.54 1781.99 1778.6 1772.69 1766.8 1765.97 1762.82 1759.19 1755.88 1745.03 1731.8 1721.99 1717.17 1714.92 1711.26 1703.43 1691.85 1730.39 1707.82 1620.43 1585.6 1549.93 1516.79 1487.85 1462.58 1439.09 1415.38 1390.26 1363.43 1335.22 1306.46 1277.99 1250.07 1297.47 1269.83 1241.41 1212.01 1181.47 1149.48 1115.71 1080.06 1042.78 1004.49 966.121 845.751 811.202 779.042 749.793
1816.28 1815.31 1813.24 1810.23 1807.06 1805.45 1807.74 1812.48 1817.05 1821.17 1824.66 1827.59 1830 1831.18 1830.48 1827.17 1820.76 1811.47 1800.74 1791.6 1785.91 1781.81 1776.76 1772.5 1770.91 1768.12 1765.04 1760.7 1748.02 1733.23 1722.31 1716.76 1713.78 1708.56 1750.46 1738.64 1724.03 1700.16 1669.8 1575.11 1537.93 1504.35 1476.05 1451.92 1429.22 1405.73 1380.64 1353.89 1325.66 1296.66 1342.19 1313.82 1285.86 1257.22 1227.4 1196.65 1165.16 1132.67 1098.8 1063.48 1026.97 989.745 952.391 915.685 880.55 847.836 818.196
1818.58 1817.44 1814.85 1810.7 1805.38 1800.14 1801.07 1806.31 1811.61 1816.08 1819.18 1822.01 1824.57 1826.23 1826 1823.42 1818.31 1811.15 1803.23 1796.24 1791.05 1786.94 1783.06 1780.01 1778.21 1776.3 1773.4 1767.37 1755.54 1741.52 1730.34 1723.46 1718.38 1761.76 1749.7 1736.14 1720.59 1694.55 1662.68 1625.31 1529.05 1495.48 1467.96 1444.76 1422.41 1398.66 1373.42 1422.68 1393.98 1363.65 1333.66 1304.83 1276.44 1246.87 1215.58 1183.44 1150.95 1117.8 1083.67 1048.59 1012.9 976.905 940.773 904.939 870.307 837.678 807.322
1821.78 1821.06 1818.8 1814.82 1809.32 1803.12 1799.43 1797.97 1801.23 1805.97 1809.26 1813.25 1817.39 1820.36 1821.38 1819.94 1816.22 1810.89 1805.03 1799.73 1795.51 1792.18 1789.44 1787.4 1786.03 1784.6 1781.84 1776.14 1766.59 1755.08 1744.59 1788.34 1780.23 1769.94 1754.97 1737.32 1716.6 1689.35 1656.36 1618.51 1523.48 1490.54 1463.73 1441.07 1418.81 1467.34 1444 1418.44 1389.73 1359.05 1328.22 1298.69 1270.11 1239.8 1207.06 1173.6 1140.01 1105.9 1071.23 1036.19 1001.18 966.391 931.391 896.279 862.188 829.845 798.966
1825.58 1825.84 1824.74 1822.25 1818.31 1813.38 1807.4 1801.03 1799.98 1796.42 1796.99 1802.6 1809.35 1814.32 1816.76 1816.67 1814.21 1810.33 1806.06 1802.22 1799.21 1797 1795.45 1794.48 1793.9 1793.04 1790.98 1786.68 1834.12 1825.15 1815.65 1805.83 1794.45 1779.6 1760.35 1737.84 1712.48 1683.19 1649.52 1612.66 1576.57 1488.53 1462.27 1503.4 1486.12 1466 1442.83 1417.05 1388.17 1357.45 1326.3 1296.31 1267.54 1236.33 1202.23 1167.65 1132.92 1097.56 1062.3 1027.14 992.553 958.755 924.451 889.487 855.93 824.31 793.402
1829.49 1831.06 1831.57 1831.01 1829.48 1826.87 1823.03 1817.23 1806.85 1792.76 1787.04 1793.16 1802.29 1808.63 1812.26 1813.23 1811.96 1809.3 1806.41 1803.99 1802.32 1801.37 1800.98 1801 1801.24 1801.17 1800.18 1851.71 1847.26 1840.89 1832.51 1821.44 1806.56 1787.02 1763.13 1736.22 1707.15 1675.78 1642.01 1606.97 1573.39 1544.22 1520.77 1501.84 1484.18 1464.62 1442.01 1416.21 1387.53 1357.44 1327.25 1297.57 1267.85 1235.5 1200.59 1165.33 1129.82 1093.58 1058.03 1022.74 988.317 955.17 920.888 885.081 851.964 821.259 790.342
1832.98 1835.98 1838.2 1839.63 1840.39 1840.71 1840.43 1837.04 1824.58 1804.3 1789.92 1791.38 1797.11 1802.71 1807.01 1808.97 1808.74 1807.42 1805.96 1805.05 1804.84 1805.17 1805.81 1806.63 1807.45 1808.07 1861.74 1860.83 1858.31 1853.45 1845.22 1832.37 1813.99 1790.21 1762.34 1732.04 1700.38 1667.75 1634.43 1601.28 1569.99 1542.29 1518.91 1499.03 1480.43 1460.77 1438.6 1413.5 1386 1357.39 1328.61 1299.52 1269.08 1236.05 1201.04 1165.66 1130.19 1094.38 1058.83 1023.79 989.832 956.868 922.286 885.725 852.229 821.106 789.258
