notebooks/paper/example_03/inputs/3Dgeol_surfaces/interfaces_LateBerriasianValanginian_DB.asc
ncols 80
nrows 39
xllcenter 582221
yllcenter 127826
cellsize 100
nodata_value -9999
[rows 0 to 29 of 39, columns 0 to 67 of 80]
1872.65 1870.98 1869.18 1867.62 1866.89 1867.83 1871.03 1875.49 1877.19 1872.07 1864.15 1855.46 1846.24 1836.03 1824.43 1811.25 1796.45 1780.1 1762.34 1743.31 1723.21 1702.24 1680.6 1658.51 1636.2 1613.88 1591.78 1570.09 1549.06 1528.88 1509.75 1491.89 1475.49 1460.75 1447.9 1437.14 1428.69 1422.76 1419.56 1419.23 1421.87 1427.5 1435.87 1446.65 1459.14 1472.26 1484.47 1494.3 1502.11 1511.37 1523.41 1597.59 1619.33 1642.67 1663.34 1677.73 1684.03 1682.42 1674.36 1661.76 1646.41 1629.65 1612.36 1595.08 1578.05 1561.36 1545 1528.97
1887.3 1886.42 1885.51 1884.91 1885.16 1886.88 1890.18 1893.76 1894.74 1891.34 1884.81 1876.82 1867.94 1858.03 1846.81 1834.12 1819.9 1804.18 1787.05 1768.67 1749.2 1728.84 1707.79 1686.28 1664.52 1642.73 1621.14 1599.95 1579.39 1559.62 1540.86 1523.31 1507.13 1492.51 1479.62 1468.63 1459.69 1452.96 1448.54 1446.53 1446.97 1449.83 1455.04 1462.37 1471.46 1481.68 1492.05 1501.62 1510.69 1521.37 1533.75 1607.13 1631.73 1657.2 1678.27 1691.47 1695.63 1691.57 1681.21 1666.68 1649.84 1632.03 1614.09 1596.47 1579.32 1562.59 1546.15 1529.89
1902.2 1902.17 1902.16 1902.49 1903.57 1905.67 1908.49 1910.88 1911.4 1909.21 1904.27 1897.33 1889.02 1879.54 1868.78 1856.64 1843.03 1827.97 1811.53 1793.83 1775.04 1755.33 1734.93 1714.04 1692.89 1671.7 1650.68 1630.05 1610 1590.73 1572.42 1555.23 1539.34 1524.88 1512.01 1500.85 1491.51 1484.08 1478.61 1475.13 1473.64 1474.11 1476.5 1480.72 1486.67 1494.1 1502.63 1511.92 1521.97 1532.83 1544.53 1558.72 1646.07 1672.15 1691.64 1702.21 1703.64 1697.27 1685.1 1669.24 1651.45 1633.07 1614.9 1597.35 1580.45 1564.02 1547.81 1531.56
1917.29 1918.14 1919.06 1920.34 1922.27 1924.95 1927.86 1929.89 1930.23 1928.52 1924.23 1917.77 1909.83 1900.74 1890.47 1878.9 1865.94 1851.56 1835.82 1818.83 1800.74 1781.73 1762.01 1741.79 1721.31 1700.77 1680.39 1660.38 1640.93 1622.22 1604.41 1587.67 1572.13 1557.92 1545.15 1533.92 1524.29 1516.31 1509.98 1505.28 1502.19 1500.65 1500.66 1502.24 1505.46 1510.41 1517.15 1525.62 1535.46 1545.78 1556.59 1569.2 1662.51 1685.37 1701.35 1708.61 1707.5 1699.54 1686.45 1670 1651.83 1633.29 1615.25 1598.09 1581.78 1566 1550.31 1534.31
1932.44 1934.21 1936.09 1938.36 1941.31 1945.05 1949.09 1952.07 1952.66 1950.48 1945.45 1938.57 1930.63 1921.82 1912.01 1901.02 1888.71 1875.03 1860 1843.72 1826.34 1808.04 1789.02 1769.51 1749.73 1729.9 1710.23 1690.91 1672.14 1654.07 1636.86 1620.65 1605.55 1591.67 1579.1 1567.9 1558.12 1549.75 1542.77 1537.13 1532.74 1529.56 1527.58 1526.91 1527.76 1530.43 1535.23 1542.29 1551.21 1560.96 1570.69 1580.72 1675.33 1693.19 1706.34 1710.95 1707.99 1699.39 1686.37 1670.04 1651.88 1633.4 1615.66 1599.12 1583.67 1568.82 1553.94 1538.4
1947.56 1950.24 1953.08 1956.33 1960.34 1965.33 1970.96 1975.55 1976.66 1973.52 1967.11 1959.45 1951.36 1942.81 1933.48 1923.08 1911.42 1898.43 1884.1 1868.52 1851.85 1834.25 1815.95 1797.17 1778.14 1759.07 1740.17 1721.63 1703.62 1686.29 1669.77 1654.18 1639.62 1626.17 1613.9 1602.85 1593.04 1584.45 1577.03 1570.67 1565.27 1560.74 1557.06 1554.38 1552.99 1553.34 1555.89 1560.92 1568.21 1576.85 1585.31 1591.9 1598.21 1698.91 1709.82 1711.48 1706.89 1698.44 1686.39 1670.75 1652.72 1634.2 1616.7 1600.82 1586.38 1572.71 1558.87 1544
1962.49 1966.07 1969.82 1973.96 1978.83 1984.67 1991.17 1996.38 1997.58 1994.36 1987.53 1979.71 1971.81 1963.68 1954.9 1945.13 1934.12 1921.79 1908.13 1893.23 1877.24 1860.34 1842.76 1824.72 1806.47 1788.21 1770.15 1752.47 1735.32 1718.84 1703.13 1688.29 1674.37 1661.46 1649.59 1638.78 1629.06 1620.38 1612.64 1605.77 1599.57 1593.9 1588.69 1584.07 1580.38 1578.13 1577.91 1580.12 1584.73 1591.01 1597.68 1604.1 1693.15 1705.93 1713.52 1710.92 1705.02 1698.02 1688.28 1673.74 1655.51 1636.44 1618.79 1603.4 1590.02 1577.69 1565.12 1551.08
1977.07 1981.51 1986.08 1990.98 1996.4 2002.47 2008.71 2013.51 2014.77 2011.86 2005.97 1999.02 1991.85 1984.41 1976.3 1967.18 1956.83 1945.14 1932.11 1917.84 1902.48 1886.25 1869.36 1852.08 1834.63 1817.24 1800.09 1783.37 1767.2 1751.69 1736.92 1722.95 1709.82 1697.56 1686.19 1675.72 1666.15 1657.44 1649.52 1642.21 1635.3 1628.57 1621.86 1615.2 1608.96 1603.66 1600 1598.52 1599.41 1602.35 1606.85 1613.38 1696.92 1706.64 1711.39 1707.08 1702.46 1699.72 1694.18 1680.67 1661.17 1640.47 1621.94 1606.71 1594.34 1583.48 1572.36 1559.32
1991.14 1996.38 2001.71 2007.23 2013.02 2018.99 2024.5 2028.29 2029.33 2027.47 2023.21 2017.68 2011.6 2005.03 1997.67 1989.24 1979.53 1968.44 1955.99 1942.28 1927.5 1911.9 1895.66 1879.12 1862.49 1846.01 1829.86 1814.2 1799.14 1784.76 1771.09 1758.17 1745.97 1734.5 1723.74 1713.67 1704.29 1695.56 1687.4 1679.64 1671.99 1664.14 1655.81 1646.92 1637.74 1628.89 1621.14 1615.26 1611.73 1610.69 1612.18 1688.49 1694.5 1700.38 1702.68 1701.1 1701.15 1706.99 1706.49 1692.13 1669.35 1645.6 1625.38 1609.96 1598.55 1589.32 1579.91 1567.98
2004.57 2010.55 2016.57 2022.67 2028.82 2034.82 2040.01 2043.31 2044.35 2043.39 2040.48 2036.24 2031.27 2025.62 2019.05 2011.31 2002.21 1991.66 1979.72 1966.49 1952.2 1937.11 1921.5 1905.66 1889.87 1874.35 1859.28 1844.8 1831 1817.91 1805.54 1793.86 1782.79 1772.29 1762.26 1752.67 1743.49 1734.68 1726.17 1717.78 1709.18 1699.96 1689.71 1678.26 1665.8 1653 1640.8 1630.23 1622.11 1616.9 1614.87 1686.62 1689.97 1693.75 1696.47 1699.49 1708.44 1723.71 1722.78 1704.11 1676.69 1649.28 1627.12 1611.5 1601.24 1593.91 1586.48 1575.81
2017.25 2023.91 2030.59 2037.25 2043.85 2050.22 2055.9 2059.95 2061.57 2060.78 2058.34 2054.98 2050.98 2046.22 2040.44 2033.36 2024.82 2014.75 2003.21 1990.35 1976.43 1961.76 1946.67 1931.49 1916.52 1901.98 1888.07 1874.9 1862.53 1850.94 1840.1 1829.9 1820.21 1810.89 1801.79 1792.79 1783.82 1774.85 1765.8 1756.49 1746.56 1735.53 1722.91 1708.48 1692.47 1675.62 1659.05 1644.04 1631.64 1622.56 1686.27 1685.15 1686.82 1690.45 1696.04 1705.8 1722.52 1735.56 1729.52 1707.44 1677.38 1647.59 1624.21 1609.03 1600.41 1595.48 1590.36 1581.05
2029.11 2036.42 2043.74 2051.01 2058.14 2065.03 2071.54 2077.25 2080.18 2078.8 2076.42 2073.82 2070.74 2066.84 2061.8 2055.35 2047.31 2037.62 2026.36 2013.73 2000.02 1985.63 1970.93 1956.32 1942.12 1928.58 1915.9 1904.17 1893.39 1883.53 1874.47 1866.04 1858.03 1850.19 1842.26 1834.03 1825.35 1816.17 1806.41 1795.88 1784.17 1770.76 1755.2 1737.37 1717.67 1697 1676.58 1657.78 1708.77 1696.79 1689.18 1685.81 1686.21 1690.04 1697.64 1709.63 1723.26 1728.48 1716.84 1695.52 1666.5 1636.67 1613.92 1600.26 1594.09 1592.03 1589.47 1581.42
2040.11 2048.06 2056.06 2064.05 2071.88 2079.4 2086.4 2092.57 2096.1 2095.72 2094.37 2092.75 2090.54 2087.4 2083.04 2077.16 2069.56 2060.16 2049.04 2036.45 2022.77 2008.45 1993.98 1979.79 1966.28 1953.72 1942.29 1932.09 1923.09 1915.2 1908.21 1901.87 1895.88 1889.86 1883.42 1876.2 1867.97 1858.62 1848.09 1896.04 1883.55 1868.65 1850.84 1830.25 1807.66 1784.15 1760.88 1739.2 1720.43 1705.61 1695.26 1689.44 1687.93 1690.45 1696.62 1704.97 1711.15 1709.06 1695.39 1673.02 1643.92 1615.19 1594.81 1584.38 1581.48 1582.61 1582.53 1575.11
2050.23 2058.81 2067.59 2076.53 2085.48 2094.17 2102.04 2108.25 2112.01 2113.34 2113.15 2112.07 2110.32 2107.72 2103.96 2098.62 2091.42 2082.21 2071.08 2058.33 2044.43 2029.95 2015.47 2001.52 1988.54 1976.87 1966.69 1958.07 1950.98 1945.26 1940.62 1936.72 1933.11 1929.27 1924.65 1976.45 1969.37 1960.57 1950.16 1937.94 1923.2 1904.99 1882.94 1857.88 1831.49 1805.27 1780.15 1756.82 1736.08 1718.75 1705.49 1696.56 1691.91 1691.1 1693.04 1695.32 1694.14 1685.82 1668.97 1643.96 1612.79 1586.15 1570.1 1563.79 1564.32 1568.52 1569.91 1561.52
2059.44 2068.64 2078.26 2088.36 2098.92 2109.72 2119.98 2128.27 2133.09 2134.3 2133.28 2131.51 2129.6 2127.34 2124.16 2119.41 2112.63 2103.58 2092.31 2079.19 2064.79 2049.84 2035.06 2021.09 2008.44 1997.48 1988.42 1981.35 1976.21 1972.78 1970.73 1969.56 2026.01 2025.13 2023.1 2019.12 2012.63 2003.61 1992.36 1978.81 1962.05 1940.79 1914.77 1885.68 1856.2 1828.28 1802.51 1778.66 1756.64 1736.93 1720.3 1707.4 1698.44 1692.99 1689.66 1685.95 1678.63 1665.03 1644.11 1616.34 1585.23 1560.56 1548.97 1544.06 1546.76 1553.22 1553.96 1541.6
2067.73 2077.46 2087.86 2099.12 2111.39 2124.6 2137.9 2149.19 2155.31 2155.18 2152.28 2149.35 2147.22 2145.44 2143.05 2139.12 2132.9 2124.04 2112.54 2098.83 2083.64 2067.88 2052.45 2038.13 2025.51 2015 2006.83 2001.1 1997.76 1996.59 2054.66 2056.92 2059.51 2061.41 2061.53 2058.73 2052.28 2042.28 2029.46 2014.1 1995.3 1971.58 1942.81 1911.33 1880.51 1852.53 1827.52 1804.29 1781.65 1759.57 1739.09 1721.51 1707.6 1697.14 1688.82 1680.24 1668.45 1650.95 1626.87 1597.77 1568.38 1547.43 1536.12 1528.41 1533.11 1540.74 1536.61 1516.43
2075.12 2085.22 2096.18 2108.28 2121.78 2136.55 2151.38 2163.55 2169.77 2169.49 2166.3 2163.38 2161.82 2161.1 2159.97 2157.21 2151.85 2143.33 2131.6 2117.12 2100.83 2083.89 2067.43 2052.4 2039.47 2029.04 2021.38 2016.58 2014.66 2072.88 2076.59 2081.9 2087.62 2092.31 2094.38 2092.23 2084.81 2072.55 2056.95 2038.89 2017.72 1992.14 1962.32 1930.89 1901.24 1875.26 1852.52 1830.95 1808.32 1784.04 1759.58 1737.24 1718.55 1703.66 1691.39 1679.34 1664.82 1644.99 1619.26 1589.9 1561.86 1540.2 1525.5 1519.02 1527.19 1531.45 1516.16 1485.4
2081.71 2091.95 2103.15 2115.64 2129.65 2144.88 2159.65 2170.69 2175.91 2176.59 2174.53 2172.76 2172.65 2173.61 2174.26 2173.13 2169.02 2161.15 2149.32 2133.99 2116.32 2097.82 2079.96 2063.85 2050.22 2039.48 2031.83 2083.82 2083.05 2085.79 2091.54 2099.33 2107.7 2114.76 2118.34 2116.2 2106.89 2091.37 2072.26 2051.17 2027.7 2000.84 1971.21 1941.45 1914.9 1892.45 1872.96 1853.57 1831.35 1805.42 1777.79 1751.72 1729.52 1711.52 1696.65 1682.9 1667.1 1646.58 1620.54 1591.55 1564.14 1542.33 1528.3 1524 1527.37 1515.83 1486.94 1446.8
2087.74 2097.9 2108.99 2121.37 2135.33 2150.65 2165.8 2177.31 2182.3 2181.81 2179.28 2178.22 2179.67 2182.63 2185.37 2186.22 2183.81 2177.09 2165.53 2149.44 2130.19 2109.8 2090.18 2072.67 2058.04 2046.6 2094.06 2089.37 2088.66 2091.93 2098.75 2108.05 2118.08 2126.63 2130.98 2128.18 2116.44 2097.57 2075.4 2051.97 2026.95 1999.17 1970.54 1943.22 1919.84 1900.48 1884.18 1866.85 1845.26 1818.69 1789.7 1761.91 1737.83 1718.71 1703.13 1689.03 1673.48 1653.68 1628.69 1600.75 1574.09 1552.66 1538.57 1529.83 1514.28 1484.7 1446.62 1399.19
2093.55 2103.47 2114.16 2125.97 2139.26 2154.17 2169.94 2183.64 2189.31 2185.7 2181.09 2180.18 2183.08 2187.99 2192.79 2195.73 2195.38 2190.47 2179.89 2163.4 2142.53 2120.04 2098.42 2079.29 2063.47 2105.83 2096.38 2090.71 2089.2 2092.05 2098.94 2108.73 2119.41 2128.29 2132.23 2127.92 2113.77 2092.4 2068.16 2042.59 2016.99 1989.91 1961.18 1936.32 1915.92 1899.88 1885.62 1869.39 1848.47 1822.26 1793.33 1765.5 1741.89 1723.05 1708.12 1695.01 1680.84 1662.71 1639.39 1612.55 1585.62 1561.35 1539.65 1515.93 1483.97 1443.48 1397.25 1338.97
2099.61 2109.25 2119.38 2130.19 2141.93 2154.72 2168.18 2180.02 2184.8 2181.37 2177.73 2178.38 2183.08 2189.69 2196.07 2200.72 2202.53 2200.15 2191.61 2175.48 2153.22 2128.65 2105 2084.16 2121.01 2107 2096.39 2089.24 2086.23 2087.97 2094.22 2103.68 2114.12 2122.51 2125.05 2118.33 2101.7 2077.72 2052.39 2024.37 1998.48 1972.2 1946.76 1924.38 1906.58 1892.6 1879.67 1864.1 1843.29 1817.16 1789.15 1762.47 1739.9 1722.25 1708.68 1697.07 1684.45 1667.81 1645.55 1618.53 1588.95 1558.01 1524.83 1487.3 1444.38 1395.41 1333.92 1280.34
2106.39 2115.96 2125.64 2135.34 2144.87 2153.89 2161.9 2167.77 2170.06 2169.56 2169.97 2173.77 2180.48 2188.13 2195.05 2200.41 2203.8 2204.24 2198.98 2184.24 2161.08 2190.21 2163.39 2140.09 2121.51 2107.02 2095.42 2086.61 2081.84 2082.07 2087.3 2096.06 2105.85 2113.23 2112.77 2103.2 2080.97 2056.34 2029.95 2003.43 1977.11 1951.35 1927.56 1907.71 1892.77 1881.3 1869.94 1854.42 1833.34 1807.2 1779.13 1752.88 1731.02 1714.2 1701.43 1690.45 1678.15 1661.38 1638.46 1609.65 1576.06 1538.27 1496.25 1450.23 1400.44 1345.92 1290.19 1249.45
2114.26 2124.22 2133.98 2143.06 2150.7 2155.99 2158.56 2159.39 2159.91 2159.9 2163.08 2169.27 2176.95 2184.26 2190.15 2194.6 2198.04 2200.22 2198.42 2242.79 2218 2190.22 2163.33 2139.39 2120.69 2106.32 2094.5 2084.18 2077.94 2076.9 2081.22 2088.48 2097.41 2101.33 2099.52 2086.01 2063.24 2036.31 2008.59 1981.07 1953.91 1927.94 1905.01 1887.45 1876 1868.21 1859.17 1844.27 1822.16 1794.45 1764.88 1737.64 1715.18 1697.69 1683.81 1671.25 1656.99 1638.3 1613.62 1582.92 1546.78 1505.69 1460.33 1411.83 1361.24 1310.35 1264.17 1227.63
2123.24 2134.24 2144.92 2154.45 2161.43 2164.42 2163.21 2159.85 2157.52 2157.58 2161.29 2167.61 2174.25 2179.41 2182.6 2184.4 2185.71 2186.66 2184.86 2231.19 2209.55 2185.06 2160.07 2137.2 2119.05 2105.64 2094.88 2083.29 2076.4 2074.46 2078.54 2083.23 2090.67 2097.35 2093.81 2074.81 2047.05 2017.61 1989.08 1960.86 1932.25 1904.99 1881.84 1865.85 1858.22 1856.52 1849.87 1835.48 1811.82 1781.37 1748.65 1718.85 1694.4 1674.53 1657.41 1641.01 1623.17 1601.88 1575.88 1544.85 1508.93 1468.49 1424.38 1377.93 1330.64 1284.66 1242.77 1206.19
2132.8 2145.39 2157.81 2168.9 2176.57 2178.8 2175.67 2169.24 2163.67 2162.18 2164.91 2169.52 2173.32 2174.92 2174.35 2172.43 2170.05 2167.36 2162.81 2211.25 2194.39 2174.47 2153.82 2135.19 2120.43 2109.11 2098.55 2087.11 2079.96 2075.74 2079.95 2084.54 2091.18 2099.03 2093.14 2065.35 2032.6 2001.64 1974.24 1946.43 1915.31 1885.55 1861.06 1845.88 1842.16 1841.71 1849.23 1829.78 1804.69 1770.54 1732.91 1699.78 1673.01 1650.14 1628.71 1607.42 1585.55 1562.01 1535.59 1505.58 1471.64 1433.92 1393.24 1350.82 1307.74 1265.25 1224.7 1186.51
2141.75 2156.04 2170.42 2183.54 2192.74 2195.1 2191.13 2181.52 2171.9 2169.36 2171.85 2174.28 2174.39 2172 2167.59 2161.88 2155.61 2149.09 2141.78 2190.86 2177.69 2162.91 2148.18 2135.17 2124.67 2116 2106.78 2095.75 2088.3 2084.68 2086.11 2091.03 2097.51 2099.51 2088.41 2055.9 2020.69 1989.48 1965.42 1938.33 1902.42 1870.4 1844.93 1830.97 1831.05 1839.19 1833.22 1830.13 1802.45 1763.78 1719.25 1683.69 1656.08 1630.81 1604.85 1578.07 1552.21 1527.04 1500.84 1472.28 1440.61 1405.84 1368.86 1330.64 1291.48 1251.51 1211.35 1171.88
2148.56 2163.94 2179.48 2193.89 2204.77 2209.18 2205.23 2190.67 2175.6 2176.75 2181.24 2181.17 2177.49 2171.71 2164.28 2155.42 2145.78 2136.05 2126.55 2175.05 2164.27 2153.77 2144.21 2136.33 2129.15 2123.23 2116.38 2109.09 2103.35 2100.59 2101.26 2103.31 2104.51 2100.12 2081.4 2047.6 2011.15 1979.94 1955.3 1926.95 1890.77 1858.54 1834.28 1823.24 1827.58 1841.63 1839.95 1839.59 1809.62 1760.21 1707.38 1672.94 1646.59 1619.81 1589.31 1556 1526.38 1500.79 1475.32 1448.08 1418.07 1385.29 1351.21 1316.67 1281.04 1243.19 1203.29 1163.37
2151.97 2167.24 2182.24 2195.87 2206.56 2212.61 2211.69 2197.94 2182.2 2189.89 2193.13 2188.86 2182.08 2174.7 2165.78 2154.55 2141.97 2129.5 2118.14 2165.76 2156.12 2148.18 2141.4 2136.92 2133.74 2130.74 2127.03 2122.97 2119.9 2118.84 2119.37 2119.17 2114.31 2099.95 2073.08 2036.78 1998.94 1965.31 1936.01 1905.97 1874.04 1845.69 1825.83 1820.09 1824.82 1837.79 1841.49 1828.13 1819.24 1742.81 1698.51 1667.37 1642.7 1614.75 1580.61 1540.45 1508.38 1483.87 1459.31 1432.87 1403.69 1371.68 1339.32 1307.65 1275.16 1239.33 1199.47 1159.49
2151.63 2165.64 2178.51 2189.19 2196.81 2201.26 2203.2 2201 2196.47 2203.99 2201.99 2194.38 2186.99 2181.3 2172.77 2159.49 2143.97 2129.05 2175.08 2162.69 2153.2 2146.2 2141.43 2138.56 2137.01 2135.96 2134.79 2133.59 2133.06 2133.56 2133.94 2130.97 2118.73 2093.47 2057.39 2016.81 1977.83 1943.39 1913.05 1884.74 1858.06 1838.86 1820.52 1812.91 1815.01 1820.39 1818.2 1811.93 1795.42 1725.93 1691.37 1662.58 1637.26 1609.22 1573.54 1532.21 1499.6 1474.81 1450.1 1423.69 1395 1363.08 1331.64 1302.19 1272.1 1237.93 1197.52 1157.59
2148.21 2160.54 2170.91 2178.19 2181.76 2182.18 2181.42 2180.13 2197.05 2208.1 2205.56 2198.49 2193.41 2192.46 2184.39 2168.12 2149.83 2194.73 2178.81 2166.1 2156.39 2149.22 2144.18 2140.95 2139.27 2138.74 2138.93 2139.6 2140.72 2141.5 2138.71 2128.84 2108.23 2075.83 2037.79 1998.81 1961.83 1942.12 1906.89 1875.69 1848.81 1827.42 1812.13 1803.5 1800.15 1797.5 1789.76 1774.32 1747 1714.46 1683.33 1655.18 1629.08 1600.43 1566.29 1529.57 1497.34 1469.82 1443.4 1416.55 1387.92 1357.01 1326.73 1298.51 1269.31 1235.67 1194.76 1155.48
