notebooks/paper/example_03/inputs/3Dgeol_surfaces/interfaces_Dogger_DB.asc
ncols 80
nrows 39
xllcenter 582221
yllcenter 127826
cellsize 100
nodata_value -9999
[rows 0 to 29 of 39, columns 0 to 66 of 80]
1495.06 1487.78 1480.12 1472.22 1464.32 1456.82 1450.62 1447.22 1446.35 1445.82 1445.98 1445.56 1443.38 1439 1432.38 1423.49 1412.45 1399.36 1384.36 1367.61 1349.31 1329.65 1308.84 1287.09 1264.61 1241.59 1218.23 1194.7 1171.2 1147.87 1124.88 1102.38 1080.51 1059.41 1039.23 1020.09 1002.16 985.557 970.454 957.079 945.527 936.129 929.354 925.669 925.622 929.813 939.161 953.942 969.724 986.382 1008.86 1035.96 1063.66 1088.95 1110.72 1128.73 1142.79 1152.66 1158.2 1159.43 1156.67 1150.38 1141.01 1129.01 1114.73 1098.47 1080.45
1511.26 1504.18 1496.58 1488.57 1480.33 1472.22 1465.12 1460.73 1459.44 1460.01 1461.95 1463.35 1462.83 1459.95 1454.69 1447.01 1437.07 1424.98 1410.9 1395.01 1377.52 1358.62 1338.55 1317.52 1295.73 1273.42 1250.74 1227.9 1205.08 1182.42 1160.1 1138.25 1117.02 1096.53 1076.92 1058.33 1040.89 1024.73 1009.99 996.81 985.351 975.792 968.357 963.339 961.122 962.251 967.397 976.293 986.877 1000.5 1020.66 1045.78 1071.4 1094.83 1115.11 1131.92 1145.04 1154.15 1159.04 1159.78 1156.6 1149.97 1140.37 1128.19 1113.75 1097.3 1079.05
1527.58 1520.72 1513.19 1505.05 1496.47 1487.75 1479.58 1473.41 1471.25 1473.48 1477.36 1480.46 1481.53 1480.13 1476.2 1469.81 1461 1449.95 1436.83 1421.83 1405.19 1387.11 1367.82 1347.56 1326.54 1304.98 1283.06 1260.98 1238.91 1217 1195.41 1174.26 1153.7 1133.85 1114.82 1096.75 1079.76 1063.95 1049.46 1036.39 1024.87 1015.03 1007 1000.96 997.164 995.967 997.715 1002.3 1009.31 1019.82 1035.86 1056.03 1077.37 1098.42 1117.16 1132.73 1144.84 1153.17 1157.43 1157.68 1154.24 1147.47 1137.84 1125.7 1111.31 1094.88 1076.57
1544.09 1537.58 1530.17 1522.03 1513.29 1504.3 1495.85 1489.49 1487.24 1489.5 1493.93 1498 1500.27 1500.13 1497.43 1492.19 1484.45 1474.39 1462.21 1448.11 1432.31 1415.07 1396.6 1377.16 1356.96 1336.21 1315.11 1293.85 1272.6 1251.48 1230.67 1210.28 1190.42 1171.22 1152.77 1135.19 1118.57 1103.02 1088.64 1075.54 1063.81 1053.56 1044.92 1038.04 1033.11 1030.41 1030.13 1032.4 1037.11 1044.38 1054.08 1065.76 1081.58 1100.31 1117.35 1131.43 1142.37 1149.79 1153.37 1153.17 1149.5 1142.79 1133.32 1121.43 1107.31 1091.09 1072.89
1560.8 1554.74 1547.66 1539.7 1530.98 1521.88 1513.33 1507 1504.76 1506.94 1511.63 1516.38 1519.55 1520.4 1518.68 1514.4 1507.58 1498.42 1487.1 1473.84 1458.89 1442.47 1424.84 1406.23 1386.88 1367 1346.78 1326.4 1306.01 1285.77 1265.79 1246.2 1227.08 1208.54 1190.66 1173.53 1157.23 1141.85 1127.46 1114.17 1102.07 1091.27 1081.92 1074.17 1068.23 1064.37 1062.77 1063.45 1066.06 1069.67 1073.03 1077.57 1088.36 1103.11 1116.85 1128.62 1137.99 1144.21 1146.9 1146.18 1142.36 1135.78 1126.71 1115.27 1101.6 1085.77 1067.84
1577.65 1572.19 1565.69 1558.06 1549.52 1540.31 1531.28 1524.29 1521.83 1524.57 1530.14 1535.7 1539.6 1541.14 1540.12 1536.57 1530.49 1522.08 1511.52 1499.04 1484.87 1469.26 1452.46 1434.71 1416.24 1397.26 1377.97 1358.52 1339.08 1319.77 1300.69 1281.93 1263.59 1245.73 1228.42 1211.72 1195.69 1180.39 1165.89 1152.27 1139.63 1128.1 1117.84 1109.04 1101.92 1096.74 1093.62 1092.43 1092.6 1093.01 1092.87 1094 1099.37 1107.55 1116.28 1124.9 1132.17 1136.74 1138.16 1136.7 1132.71 1126.39 1117.84 1107.02 1093.96 1078.67 1061.13
1594.54 1589.78 1583.97 1577.03 1568.87 1559.78 1550.47 1542.91 1540.26 1543.65 1549.98 1556.11 1560.42 1562.4 1561.78 1558.66 1553.13 1545.32 1535.42 1523.63 1510.19 1495.35 1479.37 1462.48 1444.91 1426.88 1408.57 1390.13 1371.7 1353.38 1335.26 1317.42 1299.9 1282.75 1266.01 1249.72 1233.91 1218.62 1203.91 1189.83 1176.48 1164.01 1152.59 1142.45 1133.79 1126.87 1121.74 1118.2 1115.71 1113.49 1111.2 1109.75 1110.21 1112.32 1116.01 1121.03 1125.6 1127.82 1127.33 1124.74 1120.45 1114.43 1106.48 1096.45 1084.12 1069.45 1052.39
1611.1 1607.24 1602.27 1596.2 1588.81 1580.43 1571.64 1564.84 1562.73 1565.53 1571.55 1577.59 1581.82 1583.77 1583.33 1580.5 1575.37 1568.04 1558.68 1547.51 1534.74 1520.63 1505.44 1489.41 1472.77 1455.73 1438.45 1421.08 1403.74 1386.5 1369.43 1352.56 1335.92 1319.53 1303.39 1287.5 1271.9 1256.54 1241.5 1226.83 1212.6 1198.97 1186.13 1174.31 1163.73 1154.66 1147.11 1140.94 1135.75 1131.06 1126.65 1122.74 1119.63 1117.52 1116.91 1117.98 1119.29 1118.21 1114.78 1110.4 1105.5 1099.75 1092.51 1083.26 1071.72 1057.69 1041.13
1627.17 1624.21 1620.16 1614.97 1608.62 1601.29 1593.72 1587.72 1585.76 1588.56 1593.91 1599.23 1603.04 1604.84 1604.44 1601.8 1596.99 1590.03 1581.15 1570.52 1558.37 1544.95 1530.53 1515.36 1499.66 1483.64 1467.45 1451.23 1435.06 1418.99 1403.06 1387.27 1371.59 1356.01 1340.5 1325.02 1309.55 1294.09 1278.64 1263.22 1247.94 1232.92 1218.39 1204.6 1191.83 1180.26 1170.07 1161.17 1153.32 1146.21 1139.64 1133.52 1127.85 1122.79 1118.75 1116.3 1114.42 1108.64 1100.78 1093.74 1087.86 1082.29 1075.75 1067.25 1056.35 1042.86 1026.74
1642.41 1640.3 1637.13 1632.86 1627.51 1621.35 1615.16 1610.55 1609.21 1611.26 1615.53 1620.03 1623.42 1625.06 1624.7 1622.24 1617.68 1611.09 1602.62 1592.48 1580.89 1568.13 1554.46 1540.13 1525.39 1510.42 1495.38 1480.38 1465.48 1450.7 1436.02 1421.4 1406.79 1392.1 1377.26 1362.21 1346.87 1331.22 1315.24 1298.94 1282.4 1265.78 1249.32 1233.31 1218.08 1203.92 1190.96 1179.32 1168.85 1159.36 1150.61 1142.36 1134.43 1126.76 1119.68 1113.93 1108.56 1097.35 1084.82 1074.68 1067.63 1062.21 1056.19 1048.13 1037.57 1024.39 1008.6
1656.53 1655.19 1652.77 1649.24 1644.64 1639.31 1634.19 1631.11 1630.6 1631.5 1634.82 1638.9 1642.17 1643.89 1643.71 1641.5 1637.23 1630.99 1622.9 1613.19 1602.11 1589.95 1576.99 1563.5 1549.72 1535.83 1522 1508.3 1494.76 1481.37 1468.08 1454.77 1441.33 1427.63 1413.54 1398.93 1383.71 1367.81 1351.18 1333.84 1315.86 1297.44 1278.85 1260.43 1242.61 1225.74 1210.08 1195.7 1182.68 1170.81 1159.82 1149.36 1139.07 1128.66 1118.15 1107.72 1096.39 1082.13 1066.48 1053.46 1045.43 1039.95 1033.85 1025.54 1014.8 1001.67 986.135
1669.36 1668.65 1666.84 1663.85 1659.68 1654.62 1649.52 1646.17 1645.54 1646.97 1650.84 1655.35 1658.98 1661.04 1661.21 1659.34 1655.41 1649.5 1641.76 1632.44 1621.81 1610.19 1597.91 1585.21 1572.37 1559.6 1547.01 1534.67 1522.6 1510.73 1498.94 1487.08 1474.96 1462.36 1449.1 1434.97 1419.85 1403.63 1386.24 1367.71 1348.13 1327.73 1306.85 1285.94 1265.48 1245.91 1227.57 1210.59 1195.07 1180.83 1167.56 1154.83 1142.15 1129.02 1115.16 1100.36 1084.13 1066.04 1047.23 1032.11 1022.87 1015.93 1008.31 998.848 987.473 974.27 959.049
1680.77 1680.59 1679.28 1676.7 1672.81 1667.84 1662.42 1657.86 1656.51 1659.54 1664.61 1669.78 1673.94 1676.49 1677.09 1675.6 1672.02 1666.43 1659 1650 1639.76 1628.61 1616.91 1604.98 1593.1 1581.39 1570.07 1559.16 1548.62 1538.36 1528.21 1517.93 1507.26 1495.89 1483.55 1469.96 1454.93 1438.32 1420.06 1400.2 1378.87 1356.37 1333.15 1309.73 1286.68 1264.53 1243.64 1224.23 1206.27 1189.72 1174.2 1159.25 1144.29 1128.76 1112.18 1094.18 1074.49 1053.22 1032.06 1014.81 1001.42 989.742 978.965 967.662 955.59 942.366 927.548
1690.72 1690.99 1690.1 1687.9 1684.4 1679.84 1675.01 1671.33 1670.45 1672.92 1677.61 1682.83 1687.31 1690.26 1691.3 1690.2 1686.93 1681.59 1674.4 1665.64 1655.69 1644.94 1633.77 1622.52 1611.49 1600.88 1590.82 1581.33 1572.37 1563.79 1555.36 1546.77 1537.66 1527.64 1516.29 1503.28 1488.33 1471.26 1452.04 1430.72 1407.55 1382.92 1357.38 1331.57 1306.12 1281.58 1258.36 1236.65 1216.45 1197.68 1180 1162.94 1145.93 1128.37 1109.74 1089.66 1068 1045.15 1022.33 1000.78 980.021 962.467 947.539 933.746 920.594 907.217 892.784
1699.2 1699.84 1699.35 1697.53 1694.43 1690.35 1686.28 1683.86 1683.71 1685.17 1689.19 1694.35 1699.08 1702.4 1703.78 1702.98 1699.98 1694.81 1687.75 1679.13 1669.38 1658.93 1648.2 1637.57 1627.34 1617.74 1608.87 1600.77 1593.38 1586.43 1579.73 1572.88 1565.39 1556.76 1546.46 1534.02 1519.1 1501.5 1481.21 1458.38 1433.35 1406.65 1378.96 1351.01 1323.47 1296.86 1271.58 1247.82 1225.59 1204.71 1184.99 1165.96 1147.08 1127.79 1107.58 1086.09 1063.25 1039.26 1014.22 987.703 961.06 938.286 917.89 900.455 885.254 871.013 856.557
1706.21 1707.15 1706.98 1705.55 1702.74 1698.76 1694.4 1691.22 1690.7 1693.15 1698.12 1703.94 1709.14 1712.82 1714.48 1713.88 1710.97 1705.87 1698.81 1690.21 1680.56 1670.32 1659.96 1649.87 1640.37 1631.68 1623.91 1617.07 1611.07 1605.69 1600.62 1595.43 1589.51 1582.23 1572.92 1560.98 1545.98 1527.73 1506.28 1481.91 1455.1 1426.54 1397.03 1367.33 1338.12 1309.87 1282.9 1257.39 1233.33 1210.57 1188.96 1168.09 1147.49 1126.62 1105.01 1082.28 1058.24 1032.7 1005.1 974.873 943.951 915.803 891.041 869.856 851.954 836.201 820.989
1711.78 1712.94 1713.07 1711.97 1709.45 1705.48 1700.54 1696 1694.84 1698.77 1705.2 1711.86 1717.53 1721.48 1723.29 1722.73 1719.75 1714.49 1707.29 1698.62 1688.97 1678.9 1668.86 1659.25 1650.41 1642.52 1635.7 1629.94 1625.12 1621.03 1617.34 1613.55 1609.01 1602.91 1594.44 1582.79 1567.53 1548.48 1525.78 1499.89 1471.49 1441.4 1410.52 1379.61 1349.27 1319.88 1291.66 1264.76 1239.17 1214.76 1191.46 1168.92 1146.73 1124.38 1101.38 1077.3 1051.77 1024.32 994.272 961.392 927.509 895.542 867.085 842.693 822.641 805.083 787.725
1715.96 1717.21 1717.59 1716.86 1714.78 1711.35 1707.21 1703.88 1703.24 1706.36 1712.13 1718.69 1724.43 1728.41 1730.15 1729.4 1726.12 1720.49 1712.93 1704.03 1694.38 1684.48 1674.78 1665.66 1657.41 1650.24 1644.22 1639.29 1635.33 1632.14 1629.4 1626.64 1623.1 1617.86 1609.89 1598.32 1582.56 1562.53 1538.53 1511.21 1481.45 1450.24 1418.5 1386.96 1356.07 1326.08 1297.11 1269.22 1242.45 1216.69 1191.96 1167.96 1144.34 1120.6 1096.23 1070.71 1043.56 1014.22 982.15 947.593 911.806 877.351 846.111 819.713 798.757 778.146 756.197
1718.8 1720.05 1720.57 1720.16 1718.65 1716.1 1713.44 1712.82 1713.79 1714.37 1718.48 1724.43 1729.88 1733.62 1735.02 1733.81 1729.91 1723.6 1715.46 1706.23 1696.58 1686.98 1677.72 1669.13 1661.51 1655.01 1649.64 1645.3 1641.82 1639.03 1636.72 1634.45 1631.47 1626.69 1618.91 1607.09 1590.64 1569.51 1544.18 1515.52 1484.63 1452.65 1420.52 1388.86 1357.96 1327.89 1298.63 1270.18 1242.61 1215.83 1189.97 1164.78 1139.93 1114.95 1089.29 1062.39 1033.73 1002.75 969.196 933.393 896.532 860.531 827.486 799.381 775.649 749.198 723.324
1720.44 1721.49 1721.99 1721.8 1720.78 1718.86 1716.58 1715.22 1715.56 1717.92 1722.8 1728.73 1733.87 1737.15 1737.96 1735.98 1731.13 1723.78 1714.79 1705.16 1695.64 1686.5 1677.85 1669.91 1662.96 1657.15 1652.39 1648.45 1645.08 1642.17 1639.7 1637.41 1634.54 1629.86 1621.97 1609.7 1592.42 1570.14 1543.48 1513.54 1481.66 1449.13 1416.93 1385.53 1355.02 1325.25 1296.07 1267.44 1239.34 1211.94 1185.25 1159.14 1133.31 1107.26 1080.47 1052.34 1022.38 990.143 955.562 918.954 881.385 844.423 809.833 778.705 749.336 718.618 691.75
1721.03 1721.69 1721.93 1721.75 1721.07 1719.7 1717.62 1715.59 1715.72 1719.58 1725.61 1731.72 1736.5 1739.14 1739.14 1736.16 1730.09 1721.43 1711.36 1701.32 1692.09 1683.61 1675.64 1668.41 1662.2 1657.13 1653.04 1649.48 1645.95 1642.43 1639.28 1636.57 1633.53 1628.72 1620.54 1607.73 1589.6 1566.15 1538.11 1506.84 1473.96 1440.97 1408.85 1377.92 1348.01 1318.78 1289.91 1261.33 1233 1205.2 1177.96 1151.19 1124.58 1097.66 1069.89 1040.74 1009.71 976.522 941.268 904.072 866.073 828.463 792.511 758.674 725.955 694.171 667.38
1720.87 1720.9 1720.57 1720.09 1719.6 1719.02 1718.13 1717.18 1717.79 1721.94 1728.08 1733.85 1737.95 1739.78 1738.87 1734.85 1727.57 1717.63 1706.57 1696.27 1687.44 1679.58 1672.16 1665.49 1659.95 1655.56 1652.27 1649.33 1645.57 1641.03 1636.84 1633.54 1630.29 1625.27 1616.69 1603.31 1584.38 1559.73 1530.17 1497.39 1463.4 1429.93 1397.94 1367.55 1338.32 1309.66 1281.16 1252.74 1224.33 1196.29 1168.69 1141.44 1114.24 1086.6 1058.01 1027.94 996.051 962.125 926.244 888.786 850.538 812.536 775.714 740.469 706.716 675.272 648.42
1720.32 1719.49 1718.26 1717.02 1716.3 1716.53 1717.64 1719.3 1721.34 1724.9 1730.34 1735.17 1738.28 1739.21 1737.5 1732.72 1724.69 1714.05 1702.62 1692.63 1684.04 1676.47 1669.25 1662.89 1657.71 1653.55 1651.08 1649.25 1645.34 1639.5 1634.1 1630.33 1627.02 1621.69 1612.47 1598.56 1578.93 1552.92 1521.56 1487.04 1451.83 1417.86 1386.04 1356.19 1327.54 1299.35 1271.18 1242.83 1214.46 1186.27 1158.41 1130.81 1103.12 1074.85 1045.51 1014.64 981.998 947.498 911.12 873.413 835.061 796.952 759.883 724.366 690.79 659.866 632.755
1719.87 1718.08 1715.63 1713.06 1711.28 1711.51 1714.32 1718.58 1722.61 1726.86 1731.41 1735.05 1737.17 1737.4 1735.27 1730.31 1722.36 1712.05 1701.12 1691.59 1683.48 1676.27 1669.28 1663.35 1658.09 1653.7 1651.8 1651.06 1646.91 1639.62 1633.05 1629.02 1625.84 1619.88 1609.39 1595.03 1574.83 1547.05 1513.56 1477.22 1440.81 1406.44 1374.84 1345.47 1317.25 1289.33 1261.34 1233.07 1204.69 1176.35 1148.27 1120.37 1092.28 1063.46 1033.37 1001.74 968.373 933.218 896.438 858.502 820.14 782.189 745.405 710.355 677.469 647.128 619.645
1720.05 1717.44 1713.76 1709.49 1705.73 1704.5 1707.69 1713.93 1720.25 1725.54 1729.6 1732.46 1734.12 1734.24 1732.3 1727.84 1720.81 1711.8 1702.19 1693.5 1686.22 1679.72 1673.47 1668.02 1663.46 1659.51 1657.72 1656.47 1651.35 1642.89 1635.49 1631.11 1627.81 1620.63 1608.09 1593.46 1572.53 1542.32 1506.74 1468.86 1431.53 1396.96 1365.69 1336.74 1308.72 1280.83 1252.92 1224.71 1196.29 1167.76 1139.41 1111.24 1082.8 1053.44 1022.64 990.223 956.178 920.262 882.942 844.694 806.322 768.676 732.495 698.328 666.388 636.741 609.04
1721.35 1718.37 1713.97 1708.45 1702.78 1699.4 1701.28 1707.41 1714.43 1720.15 1724.01 1726.82 1728.88 1729.69 1728.61 1725.26 1719.67 1712.47 1704.71 1697.5 1691.3 1685.84 1680.84 1676.57 1673.13 1670.34 1668.3 1665.34 1658.93 1650.2 1642.38 1636.87 1631.79 1622.71 1608.72 1593.07 1570.4 1538.12 1501.25 1462.47 1424.73 1390.25 1359.39 1330.76 1302.77 1274.81 1246.91 1218.77 1190.29 1161.48 1132.78 1104.36 1075.63 1045.7 1014.16 980.931 946.035 909.404 871.385 832.646 794.144 756.785 721.3 688.161 657.365 628.618 601.01
1723.98 1721.34 1717.19 1711.72 1705.75 1701.31 1700.8 1703.88 1709 1713.09 1715.63 1718.61 1721.81 1724.01 1724.31 1722.38 1718.43 1713.09 1707.27 1701.75 1696.95 1692.82 1689.27 1686.41 1684.16 1682.26 1680.11 1676.32 1669.8 1661.46 1653.29 1645.98 1637.94 1626.46 1610.91 1592.19 1567.09 1534.24 1496.91 1458.02 1420.49 1386.41 1355.96 1327.59 1299.66 1271.72 1243.82 1215.82 1187.25 1158.1 1129.03 1100.38 1071.33 1040.81 1008.48 974.425 938.765 901.346 862.471 823.024 784.208 746.985 712.113 679.973 650.416 622.576 595.481
1727.79 1726.21 1723.31 1719.27 1714.68 1710.71 1708.43 1708.05 1709.11 1707.69 1706.7 1709.51 1714.05 1717.85 1719.59 1719.03 1716.59 1713 1709 1705.23 1701.99 1699.35 1697.29 1695.72 1694.55 1693.42 1691.59 1688.11 1682.4 1674.88 1666.45 1657.26 1646.19 1631.72 1613.3 1590.91 1563.28 1530.06 1493.06 1454.87 1418.18 1384.74 1354.65 1326.56 1298.96 1271.31 1243.6 1215.65 1187.02 1157.7 1128.39 1099.49 1069.97 1038.76 1005.64 970.848 934.575 896.542 856.753 816.519 777.288 740.006 705.442 674.129 645.728 618.801 591.989
1732.32 1732.28 1731.26 1729.41 1727.08 1724.67 1722.27 1719.41 1713.81 1704.79 1700.44 1702.36 1707.36 1712.06 1714.57 1714.89 1713.7 1711.7 1709.46 1707.43 1705.84 1704.74 1704.06 1703.68 1703.48 1703.1 1701.97 1699.37 1694.8 1688.14 1679.47 1668.49 1654.44 1636.57 1614.7 1588.92 1559.09 1525.42 1489.11 1452.16 1416.7 1384.1 1354.43 1326.69 1299.6 1272.49 1245.18 1217.33 1188.84 1159.7 1130.4 1101.13 1070.99 1039.1 1005.32 969.922 933.174 894.761 854.416 813.76 774.265 736.809 702.208 671.258 643.548 617.03 589.856
1736.91 1738.6 1739.64 1740.12 1740.18 1739.79 1738.2 1733.24 1722.45 1708.95 1700.78 1700.05 1703.58 1707.59 1709.14 1709.36 1709.19 1708.77 1708.29 1708.02 1708.11 1708.5 1709.09 1709.7 1710.26 1710.58 1710.23 1708.62 1705.11 1699.11 1742.36 1729.46 1712.12 1690.31 1664.62 1585.81 1554.32 1520.34 1484.84 1449.26 1415.1 1383.37 1354.17 1326.79 1300.22 1273.74 1246.97 1219.57 1191.53 1162.87 1133.78 1104.22 1073.5 1041.07 1006.86 971.113 934.015 895.394 855.378 815.045 775.676 738.128 703.194 671.888 643.782 616.611 588.166
