notebooks/paper/example_03/inputs/3Dgeol_surfaces/interfaces_Berriasian_DB.asc
ncols 80
nrows 39
xllcenter 582221
yllcenter 127826
cellsize 100
nodata_value -9999
[rows 0 to 29 of 39, columns 0 to 66 of 80]
1697.52 1692 1686.08 1680.03 1674.2 1668.92 1664.1 1658.93 1656.37 1659.19 1660.1 1658.42 1654.69 1648.97 1641.17 1631.28 1619.34 1605.46 1589.79 1572.51 1553.83 1533.97 1513.16 1491.61 1469.56 1447.23 1424.82 1402.55 1380.6 1359.18 1338.46 1318.62 1299.85 1282.31 1266.19 1251.66 1238.92 1228.15 1219.53 1213.24 1209.4 1208.06 1209.24 1212.86 1218.92 1226.87 1235.62 1247.37 1266.37 1291.01 1315.2 1335.34 1352.11 1367.56 1453.18 1466 1474.67 1478.07 1476.2 1469.84 1460.06 1447.85 1433.98 1419 1403.22 1386.83 1369.96
1712.92 1707.95 1702.6 1697.21 1692.21 1688.12 1685.28 1683.74 1683.58 1682.95 1681.86 1679.54 1675.89 1670.62 1663.49 1654.36 1643.22 1630.13 1615.24 1598.71 1580.76 1561.6 1541.45 1520.56 1499.15 1477.44 1455.65 1433.98 1412.62 1391.77 1371.6 1352.27 1333.96 1316.83 1301.02 1286.69 1274.01 1263.09 1254.1 1247.14 1242.29 1239.6 1239.09 1240.73 1244.46 1250.02 1257.97 1270.76 1291.2 1317.77 1341.09 1356.72 1367.65 1378.1 1389.63 1473.21 1480.72 1482.84 1479.67 1472.14 1461.44 1448.6 1434.35 1419.17 1403.32 1386.88 1369.88
1728.57 1724.22 1719.5 1714.79 1710.61 1707.61 1706.42 1707 1707.44 1705.61 1703.02 1700.15 1696.59 1691.78 1685.32 1676.97 1666.64 1654.37 1640.28 1624.54 1607.35 1588.92 1569.51 1549.32 1528.61 1507.59 1486.47 1465.47 1444.77 1424.55 1404.98 1386.21 1368.4 1351.69 1336.21 1322.07 1309.41 1298.32 1288.91 1281.24 1275.38 1271.37 1269.2 1269 1270.84 1275.07 1282.61 1295.92 1316.96 1343.64 1365.21 1376.37 1380.87 1385.73 1393.9 1477.49 1483.92 1484.81 1480.46 1472.01 1460.73 1447.62 1433.36 1418.35 1402.75 1386.55 1369.69
1744.44 1740.77 1736.73 1732.73 1729.33 1727.28 1727.27 1729.11 1729.91 1727.21 1723.72 1720.48 1717.04 1712.69 1706.87 1699.27 1689.73 1678.27 1664.98 1650.03 1633.61 1615.95 1597.29 1577.85 1557.88 1537.6 1517.23 1496.96 1476.98 1457.46 1438.55 1420.4 1403.14 1386.88 1371.74 1357.82 1345.19 1333.92 1324.08 1315.7 1308.83 1303.51 1299.82 1297.9 1298.04 1300.82 1307.3 1319.21 1337.64 1360.35 1379.04 1387.48 1388.26 1389.2 1394.94 1403.14 1484.78 1484.34 1478.84 1469.7 1458.18 1445.16 1431.24 1416.72 1401.69 1386.02 1369.55
1760.46 1757.52 1754.21 1750.92 1748.25 1746.96 1747.69 1749.94 1750.74 1747.89 1744.05 1740.67 1737.41 1733.51 1728.3 1721.39 1712.6 1701.91 1689.39 1675.21 1659.56 1642.67 1624.77 1606.11 1586.93 1567.45 1547.87 1528.4 1509.21 1490.45 1472.28 1454.8 1438.14 1422.4 1407.64 1393.96 1381.39 1369.97 1359.73 1350.68 1342.84 1336.27 1331.06 1327.44 1325.76 1326.62 1330.87 1339.43 1352.64 1368.49 1382.06 1388.62 1389.24 1389.34 1394.06 1401.53 1406.47 1482.05 1475.21 1465.58 1454.15 1441.56 1428.28 1414.53 1400.32 1385.43 1369.57
1776.49 1774.33 1771.73 1769.12 1767.05 1766.31 1767.6 1770.28 1771.1 1768.04 1763.98 1760.66 1757.72 1754.29 1749.67 1743.41 1735.31 1725.32 1713.52 1700.07 1685.17 1669.03 1651.91 1634.05 1615.69 1597.05 1578.33 1559.73 1541.4 1523.5 1506.13 1489.41 1473.42 1458.24 1443.93 1430.53 1418.06 1406.53 1395.93 1386.25 1377.48 1369.66 1362.92 1357.49 1353.73 1352.16 1353.35 1357.64 1364.73 1373.07 1380.06 1384.02 1386.32 1387.96 1393.21 1399.76 1402.1 1399.68 1469.72 1459.99 1449.08 1437.24 1424.79 1411.98 1398.77 1384.84 1369.75
1792.37 1791 1789.12 1787.09 1785.4 1784.82 1786.15 1789.3 1790.5 1786.89 1782.89 1780.08 1777.74 1774.93 1770.95 1765.3 1757.83 1748.49 1737.36 1724.59 1710.39 1695 1678.65 1661.59 1644.08 1626.33 1608.53 1590.89 1573.5 1556.54 1540.08 1524.2 1508.97 1494.43 1480.62 1467.55 1455.23 1443.62 1432.7 1422.41 1412.72 1403.65 1395.29 1387.88 1381.75 1377.35 1375.04 1374.93 1376.56 1378.87 1380.69 1381.88 1383.67 1387.33 1393.44 1397.72 1395.28 1388.85 1382.76 1453.3 1443.54 1432.65 1421.08 1409.21 1397.04 1384.16 1369.96
1807.89 1807.26 1806.08 1804.51 1802.93 1801.91 1802.15 1803.69 1804.28 1802.25 1800.08 1798.67 1797.35 1795.31 1791.97 1786.97 1780.09 1771.35 1760.83 1748.7 1735.16 1720.47 1704.87 1688.63 1672 1655.18 1638.38 1621.75 1605.43 1589.52 1574.06 1559.14 1544.77 1530.96 1517.73 1505.05 1492.91 1481.25 1470.02 1459.12 1448.47 1438.06 1427.95 1418.35 1409.59 1402.07 1396.12 1391.82 1388.9 1386.82 1385.19 1384.34 1385.25 1388.53 1392.84 1392.94 1383.3 1371.69 1366.24 1446.37 1438.4 1428.33 1417.32 1406.17 1394.94 1383.1 1369.8
1822.85 1822.95 1822.38 1821.16 1819.51 1817.82 1816.68 1816.61 1816.91 1816.16 1816.14 1816.46 1816.39 1815.27 1812.65 1808.25 1801.98 1793.79 1783.84 1772.28 1759.36 1745.33 1730.46 1715.03 1699.29 1683.46 1667.71 1652.21 1637.05 1622.31 1608.02 1594.19 1580.81 1567.83 1555.25 1543.02 1531.09 1519.38 1507.8 1496.23 1484.54 1472.67 1460.63 1448.61 1436.97 1426.12 1416.47 1408.25 1401.44 1395.88 1391.52 1388.61 1387.39 1387.33 1386.34 1380.17 1361.03 1345.7 1345.31 1441.62 1435 1424.66 1413.39 1402.53 1392.01 1381.09 1368.64
1837.04 1837.83 1837.82 1836.92 1835.21 1832.95 1830.67 1829.97 1830.79 1830.22 1831.81 1833.67 1834.84 1834.69 1832.83 1829.06 1823.37 1815.7 1806.25 1795.21 1782.84 1769.42 1755.25 1740.61 1725.78 1710.97 1696.36 1682.08 1668.22 1654.8 1641.81 1629.23 1616.99 1605 1593.19 1581.47 1569.76 1557.96 1545.96 1533.6 1520.72 1507.19 1493 1478.33 1463.59 1449.3 1435.97 1424.03 1413.68 1404.98 1397.91 1392.34 1387.72 1382.51 1373.8 1356.94 1330.53 1318.71 1440.38 1442.61 1433.86 1421.06 1408.58 1397.53 1387.43 1377.27 1365.53
1850.32 1851.75 1852.27 1851.71 1850.03 1847.41 1844.28 1842.06 1842.37 1843.79 1847.02 1850.39 1852.71 1853.49 1852.39 1849.26 1844.12 1836.94 1827.94 1817.35 1805.45 1792.56 1779.03 1765.15 1751.23 1737.47 1724.07 1711.12 1698.68 1686.75 1675.26 1664.13 1653.22 1642.37 1631.46 1620.33 1608.86 1596.94 1584.42 1571.1 1556.8 1541.36 1524.77 1507.26 1489.3 1471.53 1454.65 1439.22 1425.59 1413.9 1404.04 1395.56 1387.5 1378.01 1364.38 1344.15 1320.9 1436.53 1451.74 1448.73 1432 1415.44 1401.67 1390.19 1380.27 1370.61 1359.36
1862.58 1864.66 1865.68 1865.54 1864.06 1861.35 1857.74 1854.72 1854.56 1857.55 1862.19 1866.74 1870.05 1871.66 1871.27 1868.75 1864.12 1857.37 1848.75 1838.51 1826.98 1814.54 1801.56 1788.39 1775.34 1762.66 1750.51 1738.99 1728.12 1717.85 1708.06 1698.6 1689.25 1679.77 1669.92 1659.51 1648.33 1636.24 1623.06 1608.59 1592.63 1575 1555.77 1535.26 1514.07 1492.98 1472.8 1454.18 1437.54 1423.04 1410.49 1399.36 1388.64 1376.86 1362.44 1344.81 1437.63 1448.62 1458.82 1444.42 1422.82 1405.5 1391.66 1379.97 1369.83 1360.31 1349.18
1873.75 1876.43 1878.06 1878.51 1877.55 1875.19 1871.68 1868.43 1868.14 1872.1 1877.84 1883.02 1886.98 1889.21 1889.47 1887.47 1883.24 1876.85 1868.51 1858.51 1847.23 1835.1 1822.57 1810.02 1797.8 1786.17 1775.3 1765.28 1756.09 1747.64 1739.77 1732.21 1724.67 1716.8 1708.25 1698.69 1687.88 1675.6 1661.66 1645.86 1627.98 1607.94 1585.89 1562.34 1538.07 1513.96 1490.85 1469.42 1450.09 1433 1417.98 1404.53 1391.84 1378.94 1365.03 1442.08 1441.22 1444.83 1441.5 1424.8 1406.6 1391.99 1379.38 1367.26 1356.3 1346.29 1334.61
1883.79 1887.07 1889.46 1890.68 1890.66 1889.35 1887.11 1884.89 1885.19 1889.08 1894.33 1899.44 1903.62 1906.13 1906.73 1905.17 1901.32 1895.22 1887.06 1877.16 1865.98 1854.01 1841.77 1829.72 1818.23 1807.59 1797.98 1789.47 1782.04 1775.54 1769.74 1764.31 1758.83 1752.82 1745.77 1737.23 1726.84 1714.37 1699.59 1682.32 1662.37 1639.77 1614.87 1588.46 1561.41 1534.74 1509.21 1485.4 1463.69 1444.2 1426.84 1411.23 1396.78 1382.82 1449.77 1442.62 1437.24 1431.34 1420.64 1405.35 1389.76 1377.4 1366.54 1353.23 1340.48 1329.26 1316.1
1892.66 1896.53 1899.68 1901.96 1903.26 1903.5 1903.16 1902.87 1903.95 1907.08 1911.39 1915.64 1919.39 1921.97 1922.88 1921.7 1918.21 1912.29 1904.2 1894.26 1883 1871.02 1858.9 1847.18 1836.27 1826.5 1818.04 1810.98 1805.27 1800.75 1797.12 1793.97 1790.74 1786.77 1781.39 1773.94 1763.97 1751.21 1735.48 1716.64 1694.59 1669.49 1641.98 1613.07 1583.87 1555.27 1527.91 1502.19 1478.4 1456.68 1437.01 1419.2 1402.82 1462.87 1451.69 1441.3 1430.82 1418.89 1404.95 1390.36 1376.41 1367.21 1354.27 1338.32 1323.5 1310.76 1294.82
1900.34 1904.73 1908.61 1911.88 1914.52 1916.62 1918.57 1920.52 1922.64 1924.66 1927.24 1930.48 1933.78 1936.38 1937.58 1936.79 1933.6 1927.86 1919.75 1909.6 1898.09 1885.9 1873.72 1862.14 1851.63 1842.53 1835.04 1829.23 1825.07 1822.38 1820.84 1819.95 1819.01 1817.15 1813.43 1806.99 1797.25 1783.93 1767.01 1746.48 1722.41 1695.17 1665.64 1635.04 1604.53 1574.85 1546.37 1519.28 1493.72 1469.9 1447.94 1499.95 1482.92 1467.74 1453.74 1439.98 1425.47 1409.59 1392.99 1377.42 1364.08 1352.66 1338.67 1321.84 1307.38 1292.91 1271.6
1906.82 1911.6 1916.13 1920.17 1923.89 1927.32 1930.9 1935.52 1939.18 1939.03 1940.02 1942.66 1945.86 1948.7 1950.34 1950.05 1947.25 1941.68 1933.45 1923 1911.08 1898.52 1886.09 1874.46 1864.14 1855.48 1848.65 1843.75 1840.75 1839.52 1839.73 1840.83 1841.97 1842.04 1839.77 1834.01 1890.01 1876.62 1859.14 1837.88 1812.98 1784.78 1754.36 1723.28 1692.89 1663.75 1635.74 1608.52 1581.94 1556.32 1532.29 1510.34 1490.66 1472.87 1456.22 1439.62 1422.04 1403.08 1383.54 1365.04 1348.59 1333.64 1318.88 1306.01 1295.16 1276.95 1245.31
1912.15 1917.18 1921.98 1926.64 1931.03 1934.96 1938.21 1941.33 1944.42 1945.37 1947.97 1951.36 1955.04 1958.43 1960.72 1961.08 1958.8 1953.45 1945.1 1934.26 1921.83 1908.79 1896.01 1884.19 1873.87 1865.37 1858.85 1854.37 1851.94 1851.51 1852.82 1855.31 1858.01 1859.52 1923.22 1918.84 1908.91 1893.68 1874.03 1850.72 1824.22 1795.18 1764.8 1734.61 1705.64 1678.05 1651.22 1624.35 1597.09 1569.9 1543.73 1519.48 1497.51 1477.58 1458.84 1440.13 1420.33 1398.98 1376.66 1354.68 1334.16 1315.84 1301.22 1292.71 1283.92 1256.81 1210.23
1916.49 1921.45 1926.41 1931.34 1936.1 1940.23 1942.72 1942.24 1942.34 1947.72 1952.77 1957.04 1961.29 1965.31 1968.36 1969.49 1967.83 1962.79 1954.35 1943.13 1930.23 1916.8 1903.64 1891.59 1881.15 1872.6 1866.01 1861.37 1858.75 1858.21 1859.68 1862.67 1866.12 1932.46 1933.04 1928.07 1916.62 1899.28 1877.45 1852.33 1824.68 1795.43 1765.89 1737.41 1710.69 1685.39 1660.4 1634.5 1607.19 1579.07 1551.45 1525.59 1502.06 1480.67 1460.57 1440.52 1419.31 1396.32 1371.89 1347.09 1323.29 1301.86 1284.77 1272.19 1255.37 1216.24 1163.4
1919.94 1924.74 1929.58 1934.5 1939.44 1944.08 1947.79 1950.6 1952.96 1953.88 1956.59 1960.33 1964.77 1969.3 1973.02 1974.88 1973.86 1969.18 1960.67 1949.18 1936.11 1922.58 1909.36 1897.15 1886.63 1877.97 1871 1865.61 1861.9 1860.18 1860.7 1863.16 1928.83 1932.89 1932.99 1926.77 1913.47 1894.13 1870.52 1844.01 1815.71 1786.67 1758.33 1731.92 1707.75 1685.01 1662.13 1637.53 1610.63 1582.2 1553.88 1527.17 1502.81 1480.65 1459.83 1439.05 1417.03 1393.01 1367.08 1340.09 1313.16 1287.4 1263.15 1238.23 1205.08 1161.4 1122.65
1922.87 1927.35 1931.85 1936.51 1941.35 1946.2 1950.72 1954.69 1956.75 1956.71 1958 1961.22 1965.69 1970.5 1974.6 1976.91 1976.34 1971.87 1963.19 1951.6 1939.13 1926.48 1913.65 1901.54 1891.19 1882.61 1875.14 1868.46 1862.71 1858.6 1856.98 1918.28 1922.69 1926 1924.93 1917.04 1901.9 1880.89 1856.06 1828.58 1799.75 1770.97 1743.89 1719.63 1698.12 1678.03 1657.28 1634.01 1607.62 1579.15 1550.52 1523.45 1498.72 1476.17 1454.87 1433.54 1410.9 1386.08 1358.93 1329.89 1299.59 1268.32 1235.46 1198.87 1157.14 1116.57 1081.8
1925.64 1929.7 1933.76 1938.02 1942.57 1947.25 1951.47 1954.55 1955.61 1955.8 1957.13 1960.24 1964.62 1969.31 1973.28 1975.49 1974.83 1970.08 1960.73 1949.2 1938.85 1928.71 1917.08 1905.32 1895.82 1887.95 1880.03 1871.62 1862.8 1854.92 1850.03 1909.23 1912.23 1914.55 1912.05 1902.37 1885.31 1863.29 1837.68 1809.43 1779.85 1750.98 1724.92 1702.8 1684.12 1666.85 1648.26 1626.12 1599.95 1571.16 1542.11 1514.71 1489.64 1466.58 1444.54 1422.33 1398.8 1373.08 1344.79 1313.94 1280.67 1244.95 1206.38 1164.84 1122.37 1083.7 1051.03
1928.56 1932.28 1935.94 1939.89 1944.38 1949.3 1954.02 1957.23 1957.76 1956.43 1956.51 1958.76 1962.45 1966.43 1969.62 1971.02 1969.59 1963.95 1953.47 1942.26 1935.58 1929.26 1919.35 1908.67 1901.21 1895.33 1886.94 1876.67 1863.78 1850.55 1900.68 1898.56 1900.04 1901.61 1897.84 1886.13 1867.8 1845.26 1819.34 1790.17 1759.19 1729.52 1704.14 1684.22 1668.66 1654.48 1638.02 1616.65 1590.05 1560.28 1530.37 1502.38 1476.73 1452.7 1429.25 1405.45 1380.53 1353.77 1324.62 1292.72 1257.93 1220.25 1179.93 1137.92 1096.69 1059.32 1027.45
1931.93 1935.48 1938.97 1942.91 1947.91 1954.07 1960.33 1964.74 1964.32 1959.75 1956.95 1957.42 1959.8 1962.56 1964.49 1964.61 1962.03 1955.74 1945.65 1935.99 1931.31 1927.08 1919.06 1910.41 1905.85 1903.48 1894.54 1883.7 1866.25 1905.53 1893.6 1889.02 1888.78 1890.09 1885.86 1871.67 1851.97 1829.6 1804.16 1773.82 1740.38 1709.16 1684.28 1666.86 1654.84 1643.94 1629.42 1608.22 1580.31 1548.69 1517.45 1488.79 1462.37 1436.83 1411.15 1385.01 1358.32 1330.61 1301.12 1269.18 1234.5 1197.18 1157.69 1117.12 1077.34 1040.6 1008.45
1935.82 1939.49 1943.09 1947.41 1953.58 1961.78 1968.89 1971.87 1969.16 1961.29 1956.54 1955.65 1956.79 1958.27 1958.86 1957.7 1954.17 1947.91 1939.61 1931.93 1926.99 1922.33 1915.59 1908.83 1905.52 1903.32 1896.81 1940.36 1925.08 1906.32 1891.53 1885.74 1883.13 1884.19 1879.17 1860.93 1839.87 1817.87 1793.75 1761.75 1724.84 1691.78 1667.7 1653.45 1645.46 1637.68 1624.39 1602.59 1572.43 1538.06 1505.44 1476.51 1449.46 1421.94 1393.19 1364.1 1335.56 1307.22 1277.92 1246.69 1213.19 1177.6 1140.27 1101.77 1063.26 1026.49 993.032
1940.05 1944.09 1948.04 1952.81 1959.94 1970.01 1975.44 1971.58 1964.12 1957.13 1953.65 1953.01 1953.54 1954.07 1953.68 1951.61 1947.5 1941.48 1934.52 1928.03 1922.88 1918.1 1912.62 1907.62 1904.32 1901.39 1950.59 1941.82 1928.94 1914.02 1901.85 1894.48 1889.72 1887.06 1877.22 1855.45 1832.85 1810 1786.74 1752.58 1712.83 1678.77 1656 1645.48 1641.63 1636.01 1622.64 1599.9 1566.86 1529.22 1495.89 1467.62 1440.28 1410.3 1377.68 1345.35 1315.29 1286.73 1257.86 1227.57 1195.69 1162.5 1127.96 1091.71 1054.09 1016.68 981.351
1944.17 1948.71 1953 1957.67 1963.64 1970.47 1972.19 1964.78 1956.36 1951.48 1950.27 1950.46 1950.61 1950.58 1949.74 1947.24 1942.8 1936.91 1930.58 1924.79 1919.96 1915.81 1911.84 1908.54 1906.05 1959.06 1954.3 1947.27 1937.79 1927.43 1918.44 1911.24 1904.37 1895.12 1878.23 1854.28 1829.52 1805.14 1778.78 1743.36 1704.15 1671.11 1650.01 1642 1640.56 1635.56 1620.87 1598.18 1562.59 1522.48 1489.64 1462.64 1435.11 1402.52 1365.74 1330.52 1299.6 1271.07 1242.45 1212.84 1182.58 1152.14 1120.84 1086.91 1049.61 1010.97 973.764
1947.63 1952.65 1957.12 1961.13 1964.54 1966.05 1963.18 1957.7 1957 1952.39 1950.61 1950.06 1949.02 1948.54 1947.76 1945.18 1940.43 1934.43 1928.37 1923.08 1918.9 1915.68 1913.13 1911.33 1965.94 1963.91 1960.9 1956.33 1950.32 1943.65 1936.92 1929.45 1919.15 1903.41 1880.67 1853.38 1825.41 1797.67 1767.81 1733.14 1697.34 1667.29 1647.71 1639.17 1636.57 1631.28 1617.23 1593.95 1557.8 1518.31 1486.7 1460.31 1431.92 1397.61 1357.79 1320.82 1289.7 1260.91 1231.92 1202.48 1173.59 1146.13 1118.5 1086.88 1049.04 1008.52 969.83
1950.02 1955.46 1960.04 1963.49 1965.31 1964.71 1961.82 1960.21 1962.06 1959.01 1957.28 1953.29 1949.97 1948.83 1948.38 1945.71 1940.37 1934 1928.08 1923.32 1919.87 1917.53 1916.08 1970.91 1970.12 1969.45 1968.28 1966.22 1963.19 1959.17 1953.54 1944.61 1930.09 1908.47 1880.49 1849.33 1818.02 1787.2 1755.71 1722.78 1690.82 1663.92 1645.07 1634.35 1628.28 1620.75 1606.69 1583.52 1550.54 1515.08 1485.01 1458.8 1429.98 1394.19 1353.78 1316.51 1285.02 1255.47 1225.87 1196.24 1168.24 1143.35 1118.98 1089.34 1050.21 1007.63 968.165
1951.2 1957.07 1961.93 1965.38 1967.06 1967.07 1966.7 1968.4 1970.35 1966.92 1963.2 1958.23 1954.95 1952.18 1952.05 1948.66 1942.03 1935.2 1929.62 1925.56 1922.87 1921.21 1920.29 1975.03 1974.58 1974.59 1974.7 1974.48 1973.49 1970.9 1965.13 1953.26 1933.42 1906.33 1874.67 1841.42 1808.48 1776.3 1744.34 1713.32 1684.48 1659.88 1641.05 1627.74 1617.5 1606.38 1590.72 1568.46 1539.94 1509.36 1481.06 1454.47 1425.36 1390.57 1352.23 1315.79 1283.47 1253.22 1223.37 1193.97 1166.53 1142.19 1118.59 1089.36 1049.72 1006.84 967.324
