notebooks/paper/example_03/inputs/3Dgeol_surfaces/interfaces_Eocene_DB.asc
ncols 80
nrows 39
xllcenter 582221
yllcenter 127826
cellsize 100
nodata_value -9999
[rows 0 to 31 of 39, columns 0 to 72 of 80]
2458.08 2470.81 2483.46 2495.65 -9999 -9999 -9999 -9999 -9999 -9999 -9999 -9999 -9999 2456.96 2434.98 2411.42 2386.6 2360.77 2334.18 2307.07 2279.66 2252.17 2224.81 2197.79 2171.33 2145.63 2120.9 2097.35 2075.17 2054.54 2035.64 2018.61 2003.57 1990.6 1979.76 1971.01 1964.27 1959.41 1956.2 1954.37 1953.69 2002.68 2002.9 2003.89 2005.78 2008.89 2014.15 2024.54 2041.03 2059.31 2081.24 2108.44 2136.06 2158.51 2172.97 2178.58 2175.44 2164.61 2148.29 2129.06 2108.8 2088.76 2069.56 2051.55 2034.87 2019.45 2005.16 1991.77 1979.13 1967.16 1955.88 1945.47 1936.19
2467.04 2480.17 2493.27 2505.98 2517.75 -9999 -9999 -9999 -9999 -9999 -9999 -9999 -9999 2473.39 2452.3 2429.68 2405.79 2380.86 2355.12 2328.78 2302.05 2275.16 2248.31 2221.73 2195.62 2170.21 2145.7 2122.3 2100.2 2079.58 2060.62 2043.44 2028.17 2014.89 2003.63 1994.37 1987.04 1981.48 1977.49 1974.81 2022.62 2021.23 2020.62 2020.89 2022.37 2025.7 2032.2 2043.79 2060.16 2078.05 2102.26 2132.94 2161.34 2181.92 2193.36 2195.78 2189.28 2174.72 2155.05 2133.54 2111.92 2091.09 2071.5 2053.4 2036.83 2021.64 2007.52 1994.15 1981.24 1968.64 1956.39 1944.73 1934.06
2475.74 2489.17 2502.61 2515.74 2528.04 -9999 -9999 -9999 -9999 -9999 -9999 -9999 2507.53 2496.36 2484.52 2472.02 2458.57 2444.75 2376.23 2350.76 2324.82 2298.62 2272.36 2246.29 2220.62 2195.56 2171.35 2148.17 2126.23 2105.71 2086.77 2069.55 2054.15 2040.67 2029.14 2019.54 2011.81 2005.81 2001.34 2048.08 2045.42 2043.59 2042.59 2042.64 2044.25 2048.23 2055.69 2067.46 2083.06 2103.02 2133.55 2164.52 2188.78 2203.65 2209.87 2208.11 2198.19 2180.06 2157.96 2135.54 2113.61 2092.7 2073.21 2055.45 2039.42 2024.86 2011.32 1998.27 1985.3 1972.16 1958.89 1945.79 1933.44
2484.26 2497.89 2511.52 2524.89 2537.57 2548.92 -9999 -9999 -9999 -9999 -9999 -9999 -9999 -9999 -9999 2470.26 2456.92 2442.88 2427.92 2373.16 2348.08 2322.63 2297.04 2271.54 2246.36 2221.74 2197.88 2175.01 2153.32 2132.99 2114.16 2097 2081.59 2068.03 2056.37 2046.61 2038.7 2083.13 2078.16 2074.48 2071.83 2070.01 2069.03 2069.2 2071.21 2076.04 2084.79 2098.15 2116.39 2140.86 2172.19 2198.71 2213.74 2220.26 2220.14 2213.45 2200.02 2179.78 2158.04 2136.51 2115.19 2094.55 2075.38 2058.2 2043.05 2029.53 2016.95 2004.56 1991.75 1978.15 1963.76 1948.96 1934.49
2492.71 2506.43 2520.11 2533.48 2546.21 2567.8 -9999 -9999 -9999 -9999 -9999 -9999 -9999 -9999 -9999 -9999 2522.02 -9999 2424.79 2396.09 2371.93 2347.29 2322.4 2297.51 2329.19 2304.51 2225.34 2202.85 2181.5 2161.44 2142.84 2125.84 2110.53 2148.79 2136.73 2126.6 2118.36 2111.96 2107.23 2103.94 2101.75 2100.38 2099.74 2100.18 2102.57 2108.24 2118.65 2134.96 2157.45 2184.64 2210.73 2226.65 2230.61 2229.93 2224.19 2213.07 2197.21 2178.46 2159.31 2139.18 2118.11 2097.43 2078.67 2062.05 2048.06 2035.97 2024.77 2013.39 2000.97 1986.97 1971.35 1954.54 1937.46
2501.22 2514.98 2584.17 2578.36 2572.66 2565.94 -9999 -9999 -9999 -9999 -9999 -9999 -9999 -9999 -9999 -9999 2541.39 2521.65 -9999 -9999 -9999 -9999 2352.63 2334.34 2356.38 2332.23 2308.75 2286.16 2264.67 2244.46 2225.67 2208.46 2192.9 2179.11 2167.14 2157.08 2148.98 2142.86 2138.62 2136.04 2134.74 2134.24 2134.22 2134.88 2137.23 2143.03 2154.37 2172.89 2198.36 2226.04 2245.67 2248.93 2241.32 2235.17 2224.76 2211.62 2196.85 2181.54 2165 2145.47 2126.42 2103.49 2083.21 2067.09 2054.54 2044.32 2034.97 2025 2013.22 1998.9 1981.94 1962.85 1942.73
2509.95 2523.77 2591.72 2603.67 2570.4 -9999 -9999 -9999 -9999 -9999 -9999 -9999 -9999 -9999 -9999 -9999 2561.71 2543.46 -9999 -9999 -9999 -9999 -9999 2408.35 2384.4 2360.84 2337.92 2315.87 2294.89 2275.14 2256.78 2239.92 2224.67 2211.1 2199.28 2189.32 2181.33 2175.46 2171.74 2170.05 2169.97 2170.77 2171.65 2172.38 2173.92 2178.5 2188.75 2206.81 2232.6 2260.22 2276.87 2271.59 2253.28 2238.59 2225.86 2212.04 2199.09 2189.97 2177.83 2163.98 2136.81 2109.98 2088.36 2073.02 2062.35 2054.55 2047.56 2039.41 2028.54 2013.99 1995.61 1974.02 1950.56
2519.07 2587.27 2600.05 2611.52 2621.05 -9999 -9999 -9999 -9999 -9999 -9999 -9999 -9999 -9999 -9999 -9999 2583.31 2566.46 2547.71 -9999 -9999 -9999 2459.88 2436.47 2413.16 2390.23 2367.95 2346.53 2326.16 2307.01 2289.2 2272.84 2258.02 2244.77 2233.15 2223.22 2215.2 2209.33 2205.89 2204.94 2206.18 2208.66 2210.9 2211.71 2211.76 2213.76 2220.87 2235.21 2257.05 2281.6 2296.68 2286.07 2263.3 2245.2 2229.44 2214.14 2203.78 2205.87 2209.06 2182.87 2147.76 2115.76 2093.34 2079.24 2071.13 2066.36 2062.26 2056.35 2046.65 2031.97 2012.07 1987.75 1960.76
2528.65 2596.58 2609.53 2620.98 2630.14 2636.13 2638.37 2637.76 2637.98 -9999 -9999 -9999 -9999 -9999 -9999 -9999 -9999 2590.82 2573.05 2553.5 2532.53 2510.56 2487.97 2465.17 2442.49 2420.24 2398.68 2378 2358.38 2339.95 2322.83 2307.13 2292.89 2280.12 2268.76 2258.83 2250.5 2244.2 2240.42 2239.57 2241.67 2245.92 2250.08 2251.42 2249.96 2249.33 2253.13 2261.38 2274.99 2290.31 2292.31 2277.19 2267.62 2255.68 2236.97 2214.71 2228.86 2239.04 2232.36 2200.78 2155.78 2119.23 2096.96 2085.19 2080.35 2079.18 2078.47 2075.24 2066.96 2052.09 2030.45 2003.16 1972.39
2592.44 2606.78 2620.31 2632.42 2642.3 2649.01 2651.76 2651.09 2651.6 2656.83 -9999 -9999 -9999 -9999 -9999 -9999 -9999 -9999 2599.54 2580.57 2560.09 2538.57 2516.46 2494.18 2472.13 2450.6 2429.85 2410.05 2391.33 2373.79 2357.52 2342.63 2329.17 2317.08 2306.2 2296.29 2287.44 2280.15 2275.2 2273.27 2274.82 2279.74 2286.03 2288.51 2286.28 2285.36 2289.17 2290.96 2296.29 2304.43 2296.39 2285.66 2283.57 2275.38 2258.14 2252.58 2250.47 -9999 2242.53 2208.67 2156.93 2118.88 2098.52 2089.83 2088.93 2092.16 2095.36 2094.93 2087.97 2072.82 2049.3 2018.68 1983.68
2602.66 2617.69 2632.14 2645.48 2657.09 2666.26 2672.53 2676.24 -9999 -9999 -9999 -9999 -9999 -9999 -9999 -9999 -9999 -9999 -9999 2608.34 2588.09 2566.8 2544.99 2523.14 2501.68 2480.92 2461.09 2442.33 2424.71 2408.26 2393.03 2379.1 2366.57 2355.44 2345.42 2335.84 2326.39 2317.73 2310.91 2306.66 2305.47 2307.92 2313.83 2316.6 2313.51 -9999 -9999 -9999 -9999 2316.99 2310.34 2307.58 2303.65 -9999 -9999 -9999 -9999 2253.62 2234.85 2199.08 2151.19 2116.43 2098.33 2092.6 2095.66 2103.36 2110.84 2113.34 2107.85 2092.34 2066.51 2032.06 1992.3
2613.17 2628.99 2644.47 2659.24 2672.85 2684.86 2694.93 -9999 -9999 -9999 -9999 -9999 -9999 -9999 -9999 -9999 -9999 -9999 -9999 -9999 2616.12 2594.79 2573.08 2551.54 2530.63 2510.69 2491.91 2474.39 2458.12 2443.03 2429.06 2416.21 2404.66 2394.65 2386.01 2377.51 2367.71 2357.61 2348.85 2342.11 2337.2 2333.68 -9999 -9999 -9999 -9999 -9999 -9999 -9999 -9999 -9999 -9999 -9999 -9999 -9999 2266.49 2255.88 2237.88 2214.67 2182.91 2143.57 2114.3 2097.82 2093.74 2099.56 2111.1 2123.75 2128.57 2124.29 2107.83 2079.14 2040.45 1995.55
2623.77 2640.3 2656.72 2672.72 2687.96 2702.06 2714.57 -9999 -9999 -9999 -9999 -9999 -9999 -9999 -9999 -9999 -9999 -9999 -9999 -9999 -9999 2621.98 2600.13 2578.74 2558.33 2539.23 2521.64 2505.6 2490.98 2477.6 2465.21 2453.67 2443.06 2433.84 2426.67 2420.47 2411.08 2399.75 2389.52 2381.48 2375.1 2368.01 2358.49 -9999 -9999 -9999 -9999 -9999 -9999 -9999 -9999 -9999 -9999 -9999 2272.97 -9999 2240.52 2215.46 2193.98 2172.35 2141.75 2112.78 2095.5 2102.91 2107.8 2118.96 2130.95 2137.95 -9999 2115.91 2083.73 2040.48 1990.58
2634.28 2651.36 2668.49 2685.39 2701.75 2717.17 2731.18 -9999 -9999 -9999 -9999 -9999 -9999 -9999 -9999 -9999 -9999 -9999 -9999 -9999 -9999 -9999 2625.4 2604 2584 2565.77 2549.48 2535.12 2522.48 2511.24 2500.94 -9999 2481.65 -9999 2465.62 2461.5 2453.81 2442.1 -9999 2422.1 2415.73 2408.87 2395.31 2369.82 -9999 -9999 -9999 -9999 -9999 -9999 -9999 -9999 2275.33 -9999 -9999 -9999 2220.72 2197.07 2178.57 2159.46 2138.32 2112.67 2099.5 2095.94 2102.84 2116.14 2129.2 -9999 -9999 2111 2076.14 2028.63 1974.66
2644.61 2662.05 2679.64 2697.17 2714.32 2730.73 2745.99 2759.73 -9999 -9999 -9999 -9999 -9999 -9999 -9999 -9999 -9999 -9999 -9999 -9999 -9999 -9999 -9999 2626.47 2606.8 2589.43 2574.5 -9999 -9999 2542.83 -9999 -9999 -9999 -9999 -9999 -9999 -9999 -9999 -9999 -9999 -9999 2439.03 -9999 -9999 2355.45 -9999 -9999 -9999 -9999 -9999 -9999 2278.35 -9999 2253.93 2246.78 2232.14 2209.79 2186.37 2166.08 2144.8 2118.17 2099.9 2089.38 2083.18 2091.61 2105.24 2116.42 -9999 2118.7 2092.25 2051.75 2001.78 1945.97
2654.82 2672.4 2690.24 2708.2 2726.08 2743.57 2760.31 2776.02 -9999 -9999 -9999 -9999 -9999 -9999 -9999 -9999 -9999 -9999 -9999 -9999 -9999 -9999 -9999 -9999 2625.91 2609.35 -9999 -9999 -9999 -9999 -9999 -9999 -9999 -9999 -9999 -9999 -9999 -9999 -9999 -9999 -9999 -9999 -9999 2395.68 2361.34 2335.86 -9999 -9999 -9999 -9999 -9999 -9999 2263.05 -9999 -9999 2216.69 2198.85 2181.76 2163.7 2140.4 2111.32 2088.44 2072.31 2070.07 2082.63 2107.56 2108.88 2100.98 2081.91 2050.43 2008.78 1959.4 1904.74
2665.02 2682.54 2700.42 2718.7 2737.36 2756.27 2775.09 2793.37 -9999 -9999 -9999 -9999 -9999 -9999 -9999 -9999 -9999 -9999 -9999 -9999 -9999 -9999 -9999 -9999 -9999 -9999 -9999 -9999 -9999 -9999 -9999 -9999 -9999 -9999 -9999 -9999 -9999 -9999 -9999 -9999 -9999 -9999 -9999 2401.03 2366.29 2343.34 2345.18 2355.49 -9999 -9999 -9999 -9999 2264.76 2239.91 -9999 -9999 2191.41 2179.72 2164.76 2143.44 2109.79 2080.39 2068.36 2080.04 2112.41 2101.75 2080.16 2054.11 2024.61 1990.88 1951.36 1905.16 1854.38
2675.5 2692.72 2710.42 2728.85 2748.31 2768.95 2790.49 -9999 -9999 -9999 -9999 -9999 -9999 -9999 -9999 -9999 -9999 -9999 -9999 -9999 -9999 -9999 -9999 -9999 -9999 -9999 -9999 -9999 -9999 -9999 -9999 -9999 -9999 -9999 -9999 -9999 -9999 -9999 -9999 -9999 -9999 -9999 -9999 -9999 2365.22 -9999 2354.35 2356.51 -9999 -9999 -9999 -9999 -9999 -9999 -9999 2200.61 2187.17 2174.19 2159.92 2136.27 2103.41 2087.17 2106.84 2145.68 2125.73 2081.23 2030.09 1989.18 1956.41 1924.18 1887.83 1846.24 1800.45
2686.6 2703.32 2720.55 2738.83 2758.86 2781.21 2805.61 -9999 -9999 -9999 -9999 -9999 -9999 -9999 -9999 -9999 -9999 -9999 -9999 -9999 -9999 -9999 -9999 -9999 -9999 -9999 -9999 -9999 -9999 -9999 -9999 -9999 -9999 -9999 -9999 -9999 -9999 -9999 -9999 -9999 -9999 -9999 -9999 -9999 -9999 -9999 2350.95 -9999 -9999 -9999 -9999 -9999 -9999 -9999 2222.67 2201.71 2179.33 2165.05 2151.68 2128.3 2101.53 2122.08 -9999 -9999 2119.18 2036.16 1966.52 1923.52 1891.27 1860.7 1827.47 1789.91 1748.48
2698.82 2714.86 2731.28 2748.94 2769.01 2792.49 2819.18 -9999 -9999 -9999 -9999 -9999 -9999 -9999 -9999 -9999 -9999 -9999 -9999 -9999 -9999 -9999 -9999 -9999 -9999 -9999 -9999 -9999 -9999 -9999 -9999 -9999 -9999 -9999 -9999 -9999 -9999 -9999 -9999 -9999 -9999 -9999 -9999 -9999 -9999 -9999 2347.7 -9999 -9999 -9999 -9999 -9999 2255.1 2232.94 2209.84 2183.41 2165.72 2158.89 2155.32 2147.31 2158.69 -9999 -9999 -9999 2091.52 1986.9 1911.85 1868.49 1836.73 1806.9 1775.36 1740.37 1701.99
2712.7 2727.98 2743.27 2759.67 2778.82 2802.28 2829.96 -9999 -9999 -9999 -9999 -9999 -9999 -9999 -9999 -9999 -9999 -9999 -9999 -9999 -9999 -9999 -9999 -9999 -9999 -9999 -9999 -9999 -9999 -9999 -9999 -9999 -9999 -9999 -9999 -9999 -9999 -9999 -9999 -9999 -9999 -9999 -9999 -9999 -9999 -9999 2336.22 -9999 2319.57 2302.99 2286.21 2266.7 2243.56 2219.24 2196.02 2178.12 2170.35 2167.81 2193.52 -9999 -9999 -9999 -9999 -9999 2055.51 1945.26 1868.97 1826.06 1793.44 1763.31 1732.5 1698.96 1662.43
2728.72 2743.38 2757.32 2771.72 2788.57 2810.03 2836.54 -9999 -9999 -9999 -9999 -9999 -9999 -9999 -9999 -9999 -9999 -9999 -9999 -9999 -9999 -9999 -9999 -9999 -9999 -9999 -9999 -9999 -9999 -9999 -9999 -9999 -9999 -9999 -9999 -9999 -9999 -9999 -9999 -9999 -9999 -9999 -9999 -9999 -9999 -9999 -9999 -9999 2304.01 2285.56 2270.6 2254.82 2234.93 2214.75 2198.81 2222.52 2221.74 -9999 -9999 -9999 -9999 -9999 -9999 2094.09 2010.31 1908.11 1836.52 1792.07 1758.48 1728.46 1698.21 1665.48 1629.92
2747.18 2761.63 2774.35 2786.23 2799.19 2815.94 2838.06 -9999 -9999 -9999 -9999 -9999 -9999 -9999 -9999 -9999 -9999 -9999 -9999 -9999 -9999 -9999 -9999 -9999 -9999 -9999 -9999 -9999 -9999 -9999 -9999 -9999 -9999 -9999 -9999 -9999 -9999 -9999 -9999 -9999 -9999 -9999 -9999 -9999 2364.41 2346.45 -9999 2315.24 2297.82 2279.24 2262.17 2245.55 2232.52 -9999 2243.9 -9999 -9999 -9999 2225.11 2199.5 -9999 2133.51 2093.6 2039.99 1959.54 1874.03 1809.4 1764.54 1730.61 1701.04 1671.41 1639.25 1604.03
2767.84 2782.87 2795.13 2804.82 2813.14 2822.66 2836.42 -9999 -9999 -9999 -9999 -9999 -9999 -9999 -9999 -9999 -9999 -9999 -9999 -9999 -9999 -9999 -9999 -9999 -9999 -9999 -9999 -9999 -9999 -9999 -9999 -9999 -9999 -9999 -9999 -9999 -9999 -9999 -9999 -9999 -9999 -9999 -9999 -9999 2358.39 2342.61 2328.4 2311.91 2296.67 2280.5 2257.26 2263.46 2265.07 -9999 2272.08 2258.95 2244.1 2224.08 2197.46 2164.49 2127.23 2086.09 2039.7 1982.14 1911.77 1841.88 1784.95 1741.88 1708.3 1679.35 1650.72 1619.22 1583.9
2789.73 2806.28 2819.4 2828.62 2833.9 2836.14 2838.35 2845 -9999 -9999 -9999 -9999 -9999 -9999 -9999 -9999 -9999 -9999 -9999 -9999 -9999 -9999 -9999 -9999 -9999 -9999 -9999 -9999 -9999 -9999 -9999 -9999 -9999 -9999 -9999 -9999 -9999 -9999 -9999 -9999 -9999 -9999 -9999 -9999 2343.72 2327.74 2317.62 2304.89 2298.53 2306.85 2291.57 2276.62 2271.05 2257.08 2239.62 2223.55 2205.38 2181.33 2150.59 2114.07 2073.3 2029.7 1982.39 1928.77 1869.81 1812.28 1762.6 1722.37 1689.8 1661.75 1634.31 1603.49 1567.98
2811 2829.62 2844.67 -9999 -9999 -9999 -9999 2842.81 2843.57 -9999 -9999 -9999 -9999 -9999 -9999 -9999 -9999 -9999 -9999 -9999 -9999 -9999 -9999 -9999 -9999 -9999 -9999 -9999 -9999 -9999 -9999 -9999 -9999 -9999 -9999 -9999 -9999 -9999 -9999 -9999 -9999 -9999 2369.86 2348.24 2324.19 2308.14 2299.64 2294.48 2292.51 2280.68 2257.26 2241.52 2218.98 2196.99 2178.56 2162.5 2144.23 2119.65 2088.18 2051.85 2012.93 1972.6 1930.13 1884 1834.87 1786.43 1742.64 1705.27 1674.02 1647.02 1620.77 1590.57 1554.23
2829.4 -9999 -9999 -9999 -9999 -9999 -9999 -9999 2840.04 2843.98 2853.02 -9999 -9999 -9999 -9999 -9999 -9999 -9999 -9999 -9999 -9999 -9999 -9999 -9999 -9999 -9999 -9999 -9999 -9999 -9999 -9999 -9999 -9999 -9999 -9999 -9999 -9999 -9999 -9999 -9999 2401.47 2363.47 2330.45 2312.44 2300.89 2292.54 2311.07 2309.34 2306.43 2276.9 2237.64 2199.72 2164.12 2135.94 2116.18 2099.01 2079.01 2053.84 2024.5 1992.65 1959.27 1925.03 1889.15 1849.99 1807.82 1765.39 1725.69 1690.44 1660.24 1634.37 1609.89 1580.85 1542.36
-9999 -9999 -9999 -9999 -9999 -9999 -9999 -9999 -9999 2830.34 2825.84 2833.82 -9999 -9999 -9999 -9999 -9999 -9999 -9999 -9999 -9999 -9999 -9999 -9999 -9999 -9999 -9999 -9999 -9999 -9999 -9999 -9999 -9999 -9999 -9999 -9999 -9999 -9999 2424.6 2376.97 2339.74 2315.77 2301.75 -9999 -9999 -9999 2338.72 -9999 -9999 2254.88 2210.46 2172.44 2134.37 2103.88 2077.96 2054.24 2029.8 2003.08 1976.55 1949.95 1922.02 1893.14 1862.32 1827.59 1789.06 1749.72 1712.39 1678.19 1648.14 1622.94 1601.26 1576.94 1538.29
-9999 -9999 -9999 -9999 -9999 -9999 -9999 -9999 -9999 -9999 -9999 2798.91 2784.09 2773.67 -9999 -9999 -9999 -9999 -9999 -9999 -9999 -9999 -9999 -9999 -9999 -9999 -9999 -9999 -9999 -9999 -9999 -9999 -9999 -9999 -9999 -9999 -9999 2441.93 2385.32 2328.39 2303.38 -9999 -9999 -9999 -9999 -9999 -9999 -9999 2304.12 2230.58 2187.13 2154.58 2122.79 2091.32 2059.41 2029.91 2001.98 1974.2 1949.74 1926.68 1903.03 1877.53 1849.16 1816.29 1778.39 1739.63 1703.75 1669.83 1638.33 1611.73 1591.61 1575.53 1547.08
-9999 -9999 -9999 -9999 -9999 -9999 -9999 -9999 -9999 -9999 -9999 -9999 2752.23 2726.08 2766.34 -9999 -9999 -9999 -9999 -9999 -9999 -9999 -9999 -9999 -9999 -9999 -9999 -9999 -9999 -9999 -9999 -9999 -9999 -9999 -9999 -9999 -9999 -9999 -9999 -9999 -9999 -9999 -9999 -9999 -9999 -9999 2309.62 2283.96 2253.7 2211.81 2173.18 2143.26 2114.44 2082.31 2049.73 2018.86 1990.26 1963.32 1939.28 1917.24 1895.9 1872.47 1845.74 1814.31 1776.83 1737.97 1702.97 1668.58 1633.68 1602.57 1578.04 1560.04 1539.21
-9999 -9999 -9999 -9999 -9999 -9999 -9999 -9999 -9999 -9999 -9999 -9999 -9999 -9999 2815.69 -9999 -9999 -9999 -9999 -9999 -9999 -9999 -9999 -9999 -9999 -9999 -9999 -9999 -9999 -9999 -9999 -9999 -9999 -9999 -9999 -9999 -9999 -9999 -9999 -9999 2387.82 -9999 2378.85 2353.39 -9999 2302.39 2270.83 2242.93 2219.77 2194.5 2165.44 2136.79 2107.14 2076.69 2045.87 2016.15 1988.37 1962.47 1938.69 1916.86 1896.07 1874.45 1850.39 1822.09 1788.37 1751.99 1716.56 1680.41 1642.06 1605.49 1572.3 1541.33 1507.78
-9999 -9999 -9999 -9999 -9999 -9999 -9999 -9999 -9999 -9999 -9999 -9999 -9999 -9999 -9999 -9999 -9999 -9999 -9999 -9999 -9999 -9999 -9999 -9999 -9999 -9999 -9999 -9999 -9999 -9999 -9999 -9999 -9999 -9999 -9999 -9999 -9999 -9999 -9999 -9999 2382.73 -9999 2349.29 2324.85 2301.91 2277.49 2246.17 2217.71 2194.98 2174.43 2152.7 2128.66 2102.56 2074.96 2046.68 2018.91 1992.51 1967.83 1945.08 1924.31 1905.01 1886.05 1865.92 1842.87 1815.61 1784.62 1751.22 1715.17 1676.31 1636.78 1598.62 1561.15 -9999
