notebooks/paper/example_03/inputs/3Dgeol_surfaces/interfaces_EarlyBarremian_DB.asc
ncols 80
nrows 39
xllcenter 582221
yllcenter 127826
cellsize 100
nodata_value -9999
[rows 0 to 30 of 39, columns 0 to 67 of 80]
2184.81 2192.07 2199.31 2206.3 2212.74 2218.48 2223.64 2228 2228.07 2220.82 2210.83 2199.25 2185.54 2169.53 2151.42 2131.6 2110.42 2088.18 2065.12 2041.43 2017.3 1992.89 1968.4 1944 1919.9 1896.31 1873.41 1851.42 1830.56 1811.02 1793.01 1776.71 1762.29 1749.93 1739.74 1731.81 1726.17 1722.79 1721.55 1722.21 1724.47 1727.97 1732.29 1737.01 1741.75 1746.44 1752.06 1805.97 1814.02 1827.98 1851.72 1882.08 1915.01 1944.62 1965.93 1976.74 1977.08 1968.47 1953.44 1934.75 1914.47 1893.96 1874.07 1855.22 1837.57 1821.11 1805.69 1791.15
2197.05 2205.05 2213.08 2220.86 2228.05 2234.26 2239.18 2242.11 2241.67 2236.97 2228.91 2218.29 2205.17 2189.68 2172.11 2152.87 2132.29 2110.67 2088.22 2065.13 2041.56 2017.69 1993.69 1969.75 1946.06 1922.83 1900.27 1878.56 1857.92 1838.55 1820.62 1804.32 1789.8 1777.2 1766.63 1758.14 1751.75 1747.42 1744.99 1744.28 1745.01 1746.87 1749.52 1752.67 1756.07 1759.74 1764.13 1818.33 1825.44 1841.19 1867.92 1901.81 1938.4 1969.09 1988.51 1995.96 1992.44 1979.98 1961.7 1940.58 1918.59 1897 1876.46 1857.33 1839.66 1823.29 1807.94 1793.31
2209.32 2218.05 2226.83 2235.35 2243.16 2249.85 2254.98 2257.96 2257.72 2253.75 2246.55 2236.65 2224.18 2209.31 2192.41 2173.86 2153.99 2133.08 2111.32 2088.9 2065.97 2042.7 2019.26 1995.83 1972.62 1949.83 1927.66 1906.31 1885.97 1866.84 1849.08 1832.87 1818.34 1805.61 1794.77 1785.88 1778.92 1773.83 1770.48 1768.65 1768.1 1768.56 1769.76 1771.54 1773.81 1776.67 1780.38 1837.77 1847.49 1865.37 1891.92 1927.78 1966.3 1994.05 2007.79 2009.78 2001.92 1986.26 1965.94 1943.64 1920.97 1898.93 1878.28 1859.33 1842.08 1826.23 1811.33 1796.91
2221.61 2231.05 2240.56 2249.77 2258.16 2265.28 2271.08 2275.88 2276.92 2271.47 2263.89 2254.49 2242.72 2228.6 2212.47 2194.7 2175.63 2155.51 2134.52 2112.83 2090.6 2067.97 2045.14 2022.29 1999.61 1977.32 1955.62 1934.69 1914.74 1895.94 1878.45 1862.42 1847.98 1835.25 1824.29 1815.15 1807.83 1802.25 1798.26 1795.67 1794.21 1793.63 1793.74 1794.49 1795.99 1798.55 1802.72 1864.69 1877.79 1897.99 1925.06 1961.85 1996.18 2014.67 2018.99 2014.48 2003.3 1986.73 1966.73 1944.9 1922.43 1900.47 1880.05 1861.65 1845.23 1830.33 1816.28 1802.38
2233.9 2244.05 2254.3 2264.19 2273.08 2280.26 2285.3 2288.44 2289.13 2285.46 2279.97 2271.95 2261.11 2247.79 2232.48 2215.57 2197.37 2178.1 2157.92 2137.01 2115.5 2093.56 2071.37 2049.13 2027.05 2005.32 1984.15 1963.73 1944.25 1925.87 1908.75 1893.02 1878.79 1866.17 1855.24 1846.03 1838.54 1832.72 1828.43 1825.45 1823.5 1822.33 1821.75 1821.81 1822.82 1825.41 1886.68 1897.12 1913.67 1937.2 1966.72 1997.72 2019.46 2023.7 2017.39 2008.22 1997.04 1983.24 1966.29 1946.26 1924.32 1902.43 1882.31 1864.68 1849.46 1835.93 1823.15 1810.11
2246.19 2257.08 2268.11 2278.81 2288.47 2296.18 2300.66 2300.83 2299.7 2300.08 2297.08 2290.06 2279.87 2267.24 2252.71 2236.67 2219.36 2200.97 2181.64 2161.51 2140.74 2119.49 2097.97 2076.37 2054.92 2033.81 2013.25 1993.43 1974.51 1956.67 1940.02 1924.7 1910.81 1898.43 1887.64 1878.49 1871.01 1865.17 1860.85 1857.84 1855.84 1854.5 1853.6 1853.2 1853.74 1912.95 1919.63 1931.61 1950.21 1974.85 2000.89 2019.9 2025.36 2014.44 2001.73 1992.74 1986.16 1978.98 1967.21 1949.27 1928.07 1905.38 1885.3 1868.6 1854.94 1843.25 1832.18 1820.37
2258.46 2270.13 2282.04 2293.78 2304.73 2314.3 2321.87 2327.85 2330.14 2324.82 2318.22 2309.82 2299.46 2287.25 2273.43 2258.22 2241.81 2224.28 2205.78 2186.41 2166.35 2145.79 2124.92 2103.99 2083.19 2062.76 2042.88 2023.75 2005.51 1988.32 1972.28 1957.5 1944.07 1932.04 1921.5 1912.51 1905.13 1899.39 1895.22 1892.44 1890.71 1889.6 1888.69 1944.6 1944.99 1947.19 1952.92 1963.96 1981.26 2002.79 2021.12 2026.57 2016.19 1996.34 1981.44 1973.49 1973.08 1976.3 1971.92 1958.48 1933.54 1909.03 1888.84 1873.3 1861.63 1852.3 1843.44 1833.24
2270.66 2283.15 2296.03 2308.97 2321.6 2333.46 2344.31 2353.38 2356.08 2349.92 2340.7 2330.75 2319.93 2308 2294.83 2280.43 2264.85 2248.15 2230.41 2211.75 2192.35 2172.42 2152.19 2131.9 2111.79 2092.08 2072.97 2054.63 2037.2 2020.8 2005.52 1991.43 1978.59 1967.04 1956.83 1948.03 1940.75 1935.08 1931.05 1928.57 1982.19 1982.52 1982.82 1982.51 1981.91 1982.05 1984.64 1991.41 2003.33 2018.18 2028.37 2025.21 2008.4 1985.51 1967.42 1955.68 1963.33 1980.89 1989.9 1968.67 1938.83 1912.38 1892.31 1878.41 1869.26 1862.82 1856.69 1848.52
2282.72 2296.04 2309.92 2324.13 2338.43 2352.43 2365.72 2376.43 2379.46 2373.16 2363 2352.24 2341.23 2329.61 2317.06 2303.43 2288.63 2272.66 2255.59 2237.53 2218.7 2199.31 2179.65 2159.99 2140.58 2121.65 2103.39 2085.95 2069.47 2054.02 2039.67 2026.46 2014.4 2003.47 1993.68 1985.08 1977.8 2024.63 2020.91 2019.14 2019.15 2020.25 2021.24 2020.95 2019.08 2016.46 2014.2 2013.95 2017.4 2023.61 2026.98 2021.78 2006.42 1983.87 1962.21 1952.49 1979.61 2007.61 2006.03 1976.44 1941.8 1914.2 1895.11 1883.43 1877.29 1874.24 1871.34 1865.56
2294.55 2308.67 2323.51 2338.92 2354.77 2370.87 2387.03 2401.35 2406.07 2397.67 2385.76 2374.32 2363.31 2352.12 2340.22 2327.3 2313.2 2297.85 2281.3 2263.7 2245.28 2226.32 2207.15 2188.05 2169.33 2151.22 2133.91 2117.52 2102.15 2087.85 2074.64 2062.53 2051.45 2093.82 2084.45 2075.97 2068.51 2062.38 2057.95 2055.53 2055.12 2056.21 2057.4 2056.82 2053.79 2048.69 2041.35 2032.93 2027.14 2025.44 2024.97 2020.65 2010.63 1995.36 1980.77 1990.34 2012.54 2027.71 2013.38 1977.33 1941.06 1914.21 1896.9 1887.73 1884.87 1885.55 1886.35 1883.32
2306.03 2320.87 2336.53 2352.91 2369.91 2387.41 2405.27 2421.08 2426.65 2419.27 2407.55 2396.37 2385.91 2375.4 2364.24 2352.02 2338.53 2323.65 2307.46 2290.12 2271.92 2253.22 2234.39 2215.79 2197.74 2180.49 2164.22 2204.02 2189.4 2175.94 2163.64 2152.45 2142.31 2133.08 2124.51 2116.35 2108.62 2101.65 2095.95 2091.92 2089.67 2088.92 2088.4 2086.02 2081.16 2074.1 2062.86 2047.67 2034.16 2026.33 2022.95 2021.61 2018.93 2027.64 2023.33 2025.3 2032.44 2027.66 2003.72 1969.32 1936.31 1911.86 1896.43 1889.61 1890.13 1895.11 1899.88 1899.61
2317.05 2332.47 2348.75 2365.71 2383.15 2400.72 2417.93 2432.64 2439.16 2435.07 2426.49 2417.47 2408.49 2399.13 2388.9 2439.77 2426.64 2411.74 2395.19 2377.27 2358.38 2338.99 2319.59 2300.64 2282.5 2265.47 2249.71 2235.29 2222.2 2210.36 2199.68 2190.05 2181.41 2173.6 2166.26 2158.8 2150.95 2143.11 2135.92 2129.75 2124.51 2119.77 2114.52 2107.2 2098.2 2088.23 2074.61 2056.16 2037.86 2024.97 2019.72 2020.61 2034.19 2035.98 2036.39 2036.46 2030.3 2010.39 1981.1 1953.45 1927.43 1906.73 1892.98 1887.66 1890.89 1899.93 1909.26 1911.96
2327.53 2343.38 2360.04 2377.23 2394.47 2411.15 2426.34 2438.58 2445.5 2446.1 2504.32 2499.07 2492.87 2485.57 2476.77 2466.14 2453.45 2438.67 2421.99 2403.78 2384.55 2364.88 2345.4 2326.63 2309.01 2292.87 2278.36 2265.51 2254.25 2244.38 2235.66 2227.91 2221.01 2214.89 2209.22 2203.06 2195.54 2187.1 2178.78 2171.01 2163.18 2153.94 2141.86 2126.44 2110.32 2095.47 2080.11 2061.58 2041.37 2025.76 2022.98 2023.9 2027.49 2031.22 2034.5 2030.57 2016.28 1991.04 1962.8 1937.71 1915.71 1897.4 1883.73 1885.04 1889.2 1900.26 1911.86 1916.68
2337.43 2353.57 2370.43 2387.61 2404.5 2420.22 2433.82 2444.55 2452.11 2519.28 2520.09 2518.55 2515.13 2509.84 2502.41 2492.6 2480.24 2465.37 2448.28 2429.44 2409.51 2389.26 2369.4 2350.61 2333.4 2318.11 2304.93 2293.85 2284.73 2277.24 2270.98 2265.53 2260.63 2256.26 2252.36 2247.94 2241.28 2232.6 2223.64 2215.34 2206.8 2195.02 2176.35 2151.19 2125.62 2104.25 2087.37 2071.21 2052.5 2037.13 2026.66 2021.94 2021.29 2023.17 2024.28 2018.94 2001.47 1977.84 1952.36 1925.87 1902.09 1884.04 1870.07 1866.1 1874.43 1890.29 1904.68 1909.46
2346.77 2363.04 2379.94 2397.03 2413.63 2428.87 2441.99 2452.67 2523.59 2530.56 2535.06 2537.09 2536.64 2533.57 2527.64 2518.63 2506.46 2491.26 2473.42 2453.58 2432.58 2411.36 2390.84 2371.78 2354.8 2340.29 2328.43 2319.24 2312.51 2307.83 2304.58 2302.07 2299.67 2297.16 2294.61 2291.38 2285.32 2276.2 2266.25 2257.28 2248.52 2236.01 2213.12 2179.9 2145.58 2118.1 2100.82 2089.68 2076.05 2058.54 2042.51 2030.07 2021.77 2017.33 2013.85 2005.99 1991.76 1971.42 1944.04 1914.96 1885.07 1857.38 1841.81 1838.57 1852.82 1873.51 1886.96 1887.21
2355.61 2371.84 2388.6 2405.45 2421.72 2436.65 2449.67 2521.8 2532.38 2541.73 2549.42 2554.79 2557.28 2556.45 2551.97 2543.63 2531.42 2515.58 2496.64 2475.4 2452.93 2430.38 2408.87 2389.3 2372.34 2358.43 2347.79 2340.45 2336.19 2334.55 2334.78 2335.85 2336.69 2336.5 2335.06 2331.67 2324.53 2313.37 2300.75 2288.96 2277.17 2261.27 2235.62 2200.79 2164.78 2137.57 2121.46 2115.94 2108.86 2092.65 2070.34 2047.07 2028.2 2015.36 2006.05 1997.24 1985.72 1966.96 1944.28 1911.35 1873.88 1839.98 1818.25 1813.21 1835.31 1855.64 1861.63 1851.62
2364.09 2380.07 2396.45 2412.78 2428.42 2442.68 2455.17 2528.48 2540.46 2552.22 2563.01 2571.63 2576.96 2578.2 2574.9 2566.9 2554.31 2537.48 2517.05 2494.02 2469.69 2445.47 2422.7 2402.39 2385.25 2371.71 2362.02 2356.25 2354.25 2355.53 2359.2 2364.03 2368.4 2370.75 2370.34 2366.3 2356.43 2340.9 2323.47 2306.78 2290.15 2270.06 2247.21 2213.61 2180.74 2156.91 2146.53 2144.83 2141.18 2127.24 2100.11 2066.93 2037.86 2018.27 2004.36 1991.14 1982.17 1969.35 1948.48 1915 1873.86 1836.44 1810.02 1810.24 1837.92 1841.84 1828.96 1806.9
2372.47 2387.99 2403.69 2419.14 2433.68 2446.61 2520.4 2533.85 2547.96 2562.05 2575.92 2587.78 2595.7 2598.53 2595.85 2587.63 2574.17 2555.93 2533.67 2508.5 2481.98 2455.85 2431.65 2410.49 2392.99 2379.55 2370.41 2365.74 2365.47 2369.09 2375.58 2383.38 2390.54 2394.87 2395.58 2391.69 2379.07 2357.53 2334.81 2315.32 2296.78 2274.35 2245.32 2212.22 2185.38 2170.28 2166.01 2165.37 2156.65 2141.55 2112.85 2078.12 2048.22 2025.45 2006.49 1995.07 1985.42 1972.67 1952.47 1920.39 1884.4 1855.04 1838.48 1848.06 1844.49 1820.02 1790.36 1758.43
2381.15 2396.06 2410.82 2425.03 2438.02 2448.98 2522.67 2536.05 2552.96 2570.35 2588.47 2603.74 2613.62 2617.11 2614.08 2604.81 2589.84 2569.8 2545.45 2517.94 2489.06 2460.94 2435.36 2413.4 2395.5 2381.87 2372.78 2368.56 2369.18 2374.23 2382.61 2392.36 2400.85 2406.27 2408.16 2405.33 2390.65 2362.64 2335.54 2314.31 2295.1 2271.32 2242.32 2210.25 2181.57 2170.31 2168.72 2167 2158.92 2140.96 2112.88 2080.93 2050.71 2029.59 2013.88 2000.41 1987.9 1974.67 1955.6 1928.49 1902.3 1891.16 1897.06 1872.45 1831.5 1787.73 1747.31 1710.09
2390.72 2404.96 2418.65 2431.38 2442.58 2514.92 2524.76 2535.66 2553.84 2578.83 2602.63 2620.47 2630.78 2633.39 2628.63 2617.19 2599.97 2577.82 2551.39 2521.62 2490.46 2460.52 2433.89 2411.46 2393.27 2379.23 2369.49 2364.59 2365.39 2371.59 2382.09 2392.36 2401.65 2407.89 2410.38 2406.74 2388.53 2357.24 2329.59 2307.49 2289.54 2263.26 2234.81 2202.58 2177.61 2166.37 2164.22 2160.44 2149.95 2131.3 2105.21 2075.27 2050.76 2030.84 2013.61 1998.81 1987.28 1977.56 1965.03 1946.66 1940.06 1950.02 1927.17 1873.49 1808.14 1750.18 1704.46 1664.07
2401.82 2415.59 2428.29 2439.57 2511.83 2522.16 2532.36 2545.18 2567.29 2596.8 2621.97 2638.6 2646.72 2646.47 2638.35 2623.38 2603.03 2578.58 2550.54 2519.17 2486.27 2455.03 2427.91 2405.6 2387.47 2372.47 2361.14 2355.28 2356.45 2365.38 2375.14 2386.24 2396.19 2403.11 2405.08 2397.88 2376.38 2345.3 2319.29 2293.6 2275.55 2254.92 2227.76 2197.06 2172.66 2159.76 2154.34 2147.66 2135.2 2115.89 2093.3 2067.98 2043.3 2023.02 2007.99 1997.91 1991.91 1987.51 2000.98 2021.05 1992.77 1962.97 1922.79 1854.39 1776.5 1711.78 1661.98 1619.05
2415.08 2428.87 2441.06 2513.53 2523.94 2534.89 2548.82 2569.41 2598.15 2625.6 2644.85 2656.24 2659.82 2655.09 2642.08 2622.14 2597.54 2570.52 2541.85 2510.55 2477.36 2445.81 2418.82 2397.31 2379.07 2363.26 2350.65 2347.69 2347.86 2355.13 2366.09 2377.08 2386.41 2390.96 2391.25 2381.25 2354.11 2327.28 2302.68 2282.05 2263.05 2241.99 2216.54 2189.53 2168.01 2155.01 2146.13 2135.6 2120.58 2101.09 2077.91 2052.81 2030.46 2014.5 2005.91 2027.76 2026.49 2055.79 2038.85 2013.46 1979.26 1940.3 1889.89 1816.96 1739.05 1674.21 1622.88 1581.23
2430.86 2507.33 2520.22 2531.22 2541.52 2553.83 2572.29 2600.48 2631.35 2651.94 2663.34 2668.92 2667.71 2657.88 2639.02 2613 2583.15 2552.8 2524.09 2495.83 2465.65 2435.35 2408.64 2387.83 2370.1 2355.31 2347.03 2337.01 2337.4 2347.22 2357.78 2366.44 2373.13 2372.69 2371.09 2359.29 2337.98 2313.38 2290.13 2268.58 2247.45 2225.42 2201.83 2179.04 2161.86 2151.17 2141.56 2127.57 2108.63 2084.91 2058.64 2034.32 2016.8 2031.08 2027.12 2059.9 2055.77 2039.23 2011.94 1978.46 1939.81 1895.55 1839.23 1769.71 1699.43 1638.85 1589.32 1548.05
2511.63 2528.32 2542.55 2554.24 2564.64 2577.32 2597.38 2625.96 2651.77 2664.99 2671.31 2673.29 2668.41 2653.75 2629.01 2597.17 2562.52 2529.28 2500.92 2478.33 2455.47 2427.15 2401.4 2382.87 2368.12 2365.04 2349.3 2333.97 2333.15 2345.22 2357.41 2356.07 2357.81 2361.02 2359.55 2346.7 2323.99 2300.05 2277.36 2253.49 2228.66 2205.25 2183.17 2163.38 2150.37 2145.4 2134.19 2118.54 2097.08 2070.23 2041.02 2035.48 2039.33 2032.03 2027.29 2022.41 2012.19 1992.36 1962.86 1927.19 1886.06 1838.72 1783.5 1722.03 1661 1606.22 1559.15 1517.97
2532.08 2551.58 2568.38 2581.79 2592.17 2602.65 2619.79 2642.79 2659.49 2666.3 2669.44 2669.08 2661.05 2641.81 2612.39 2577.32 2541.35 2508.44 2482.1 2462.56 2443.77 2421.37 2403.09 2393.46 2396.07 2385.95 2366.64 2347.94 2338.02 2347.79 2359.04 2358.02 2357.15 2358.86 2356.28 2331.94 2310.07 2288.59 2264.8 2235.85 2205.55 2182.06 2161.86 2143.35 2132.42 2122.25 2130.97 2108.34 2089.83 2081.31 2049.41 2019.76 1997.8 1982.45 1971.62 1961.78 1948.33 1927.97 1899.59 1864.86 1825.3 1781.03 1731.72 1678.94 1626.37 1577.31 1532.97 1492.67
2551.7 2574.55 2594.97 2611.54 2622.97 2629.74 2640.68 2653.86 2661.25 2661.86 2661.39 2657.92 2645.56 2621.56 2590.1 2556.38 2523.35 2493.51 2469.21 2450.26 2433.15 2417.57 2415.71 2415.31 2415.02 2370.54 2362.3 2353.12 2354.06 2361.15 2367.48 2368.28 2348.83 2345.93 2339.78 2324.62 2302.09 2278.72 2248.15 2213.03 2178.98 2160.79 2142.8 2121.74 2112.23 2111.5 2093.33 2106.91 2079.77 2052.88 2019.55 1986.43 1958.55 1935.77 1916.8 1900.5 1883.49 1862.13 1835.65 1804.72 1769.9 1731.02 1688.17 1642.83 1597.23 1553.1 1511.37 1472.26
2567.73 2593.5 2617.23 2637.52 2652.59 2660.21 2658.23 2654.06 2655.56 2653.36 2650.66 2642.86 2623.76 2595.22 2565.31 2537.07 2509.76 2483.83 2461.11 2442.05 2426.32 2418.14 2407.54 2399.23 2391.79 2388.81 2385.28 2380.39 2377.13 2373.35 2372.54 2370.85 2367.07 2358.86 2342.84 2318.09 2289.74 2258.83 2222.92 2185.43 2154 2135.93 2116.61 2094.3 2087.74 2104.18 2110.56 2117.14 2083.36 2043.59 1997.69 1962.83 1931.77 1901.64 1873.04 1851.34 1832.67 1810.92 1785.51 1757.17 1726.45 1692 1653.99 1614.41 1574.32 1534.02 1494.18 1456.03
2577.69 2604.67 2629.54 2650.71 2665.73 2670.24 -9999 2649.34 2646.51 2645.48 2645.09 2630.85 2602.6 2570.88 2544.66 2522.97 2501.7 2479.49 2457.86 2438.74 2426.74 2417.14 2409.41 2406.05 2405.09 2404.56 2402.12 2397.14 2393.1 2392.03 2393.12 2393.53 2388.4 2372.4 2343.01 2303.72 2263.49 2222.56 2180.86 2144.92 2118.56 2100.6 2085.3 2117.19 2114.05 2120.56 2110.79 2087.18 2091.19 1990.15 1970.22 1946.95 1917.59 1880.73 1843.73 1820.6 1803.39 1780.37 1752.92 1723.72 1695.81 1663.62 1628.43 1593.49 1557.94 1520.1 1480.63 1442.96
2580.49 2606.5 2629.61 2647.74 2658.2 2658.12 -9999 -9999 -9999 2651.9 2654.15 2629.64 2592.41 2558.59 2535.03 2517.82 2500.7 2480.85 2459.56 2440.89 2425.98 2415.72 2410.28 2408.7 2408.46 2407.76 2406.02 2403.43 2401.08 2401.39 2403.46 2403.95 2394.5 2365.76 2318.72 2270.96 2228.03 2184.58 2144.85 2113.85 2092.74 2124.63 2109.15 2095.81 2089.14 2085.63 2077.24 2070.57 2070.98 1968.43 1947.67 1931.34 1907.77 1870.39 1833.59 1809.14 1791.59 1766.88 1734.98 1702.78 1677.17 1644.54 1611.07 1580.17 1548.58 1511.23 1469.33 1432.07
2576.93 2600.57 2620.2 2633.74 2639.12 2636.07 -9999 -9999 -9999 -9999 2664.83 2637.53 2598.29 2563.04 2539.3 2522.98 2506.68 2486.78 2465.12 2445.53 2430.15 2419.18 2412.16 2408.33 2406.84 2406.26 2404.19 2402.9 2401.55 2400.12 2397.72 2391.69 2370.97 2327.69 2281.44 2257.96 2272.74 2229.75 2181.94 2141.68 2113.07 2093.1 2078.14 2066.91 2059.64 2052.92 2041.64 2031.73 1991.19 1961.74 1938.77 1920.93 1897.92 1865.1 1832.96 1806.9 1784.61 1758.53 1727.27 1696.91 1669.78 1637.14 1604.65 1574.71 1544.69 1505.97 1460.58 1424.27
2569.32 2590.56 2607.28 2617.65 2620.61 -9999 -9999 -9999 -9999 -9999 -9999 -9999 -9999 2581.69 2554.84 2535.54 2518.12 2496.4 2472.45 2452.72 2438.18 2426.47 2416.83 2409.68 2405.32 2402.09 2402.04 2399.87 2394.79 2388.58 2381.52 2368.04 2365.98 2327.63 2347.79 2289.54 2237.15 2192.28 2148.18 2113.48 2090.04 2075.02 2063.48 2052.72 2041.71 2029.32 2014.83 1998.88 1980.8 1958.43 1935.96 1914.18 1888.56 1860.04 1831.32 1804.8 1779.77 1753.34 1725.02 1697.31 1670.07 1640.01 1608.67 1577.41 1544.58 1505.73 1462.83 1424.9
