notebooks/paper/example_03/inputs/3Dgeol_surfaces/interfaces_Hauterivian_DB.asc
ncols 80
nrows 39
xllcenter 582221
yllcenter 127826
cellsize 100
nodata_value -9999
[rows 0 to 29 of 39, columns 0 to 67 of 80]
2034.94 2037.78 2040.41 2042.62 2043.98 2043.76 2040.97 2035.83 2032.94 2034.91 2035.05 2030.39 2021.42 2009.17 1994.47 1977.88 1959.77 1940.39 1919.94 1898.59 1876.51 1853.9 1830.93 1807.81 1784.75 1761.95 1739.63 1718.01 1697.31 1677.72 1659.47 1642.75 1627.77 1614.72 1603.79 1595.12 1588.87 1585.1 1583.84 1585 1588.39 1593.67 1600.4 1608.04 1616.09 1624.32 1633.23 1642.86 1650.39 1709.26 1725.08 1749.79 1779.71 1808.86 1831.74 1845.04 1848.15 1842.33 1829.86 1813.25 1794.53 1775.11 1755.87 1737.36 1719.74 1703.02 1687.12 1671.92
2048.55 2052.23 2055.78 2058.97 2061.36 2062.25 2060.94 2057.97 2056.28 2056.93 2056.12 2051.29 2042.51 2030.59 2016.3 2000.18 1982.59 1963.78 1943.91 1923.14 1901.64 1879.58 1857.14 1834.52 1811.93 1789.58 1767.68 1746.43 1726.06 1706.75 1688.71 1672.13 1657.18 1644.02 1632.81 1623.67 1616.69 1611.9 1609.3 1608.8 1610.21 1613.28 1617.72 1623.15 1629.28 1635.96 1643.19 1650.3 1656.37 1717.18 1736.26 1765.77 1800.04 1831.03 1852.82 1863.17 1862.71 1853.43 1838.02 1819.12 1798.72 1778.15 1758.2 1739.35 1721.63 1704.93 1689.01 1673.65
2062.32 2066.87 2071.35 2075.47 2078.74 2080.44 2079.91 2077.5 2075.92 2076.85 2076.05 2071.42 2063.02 2051.55 2037.75 2022.18 2005.19 1987 1967.77 1947.65 1926.78 1905.32 1883.47 1861.41 1839.36 1817.51 1796.08 1775.29 1755.31 1736.36 1718.61 1702.23 1687.38 1674.21 1662.82 1653.33 1645.76 1640.15 1636.43 1634.5 1634.19 1635.3 1637.61 1640.91 1645.05 1649.92 1655.38 1661.09 1667.51 1677.27 1758.15 1792.25 1827.8 1856.02 1872.17 1876.86 1872.08 1859.85 1842.54 1822.37 1801.09 1779.98 1759.82 1741.06 1723.67 1707.38 1691.81 1676.55
2076.21 2081.64 2087.04 2092.06 2096.11 2098.41 2098.4 2096.7 2095.61 2096.16 2095.34 2091.07 2083.14 2072.18 2058.95 2043.99 2027.65 2010.14 1991.61 1972.17 1951.96 1931.16 1909.95 1888.49 1867.02 1845.74 1824.86 1804.58 1785.09 1766.57 1749.19 1733.11 1718.46 1705.37 1693.94 1684.23 1676.27 1670.04 1665.48 1662.45 1660.77 1660.26 1660.77 1662.22 1664.6 1667.99 1672.51 1678.42 1686.74 1700.47 1792.18 1827.99 1861.02 1879.26 1884.86 1882.57 1874.39 1861.12 1843.79 1823.71 1802.39 1781.23 1761.27 1742.93 1726.26 1710.78 1695.9 1681.04
2090.13 2096.48 2102.81 2108.74 2113.52 2116.15 2115.99 2114.07 2113.16 2113.98 2113.96 2110.47 2103.14 2092.72 2080.07 2065.75 2050.1 2033.31 2015.49 1996.76 1977.25 1957.12 1936.56 1915.76 1894.93 1874.28 1854.01 1834.32 1815.4 1797.41 1780.5 1764.81 1750.47 1737.58 1726.22 1716.45 1708.28 1701.69 1696.57 1692.78 1690.12 1688.41 1687.51 1687.44 1688.36 1690.64 1694.78 1701.53 1712.37 1730.34 1826.15 1862.52 1886.49 1890.23 1885.4 1878.5 1869.9 1858.49 1843.35 1824.6 1803.71 1782.67 1763.02 1745.39 1729.75 1715.46 1701.64 1687.46
2104.03 2111.29 2118.63 2125.57 2131.24 2134.29 2133.61 2130.8 2130.31 2131.35 2132.79 2130.19 2123.34 2113.38 2101.28 2087.61 2072.66 2056.6 2039.5 2021.48 2002.67 1983.22 1963.34 1943.21 1923.06 1903.1 1883.51 1864.5 1846.24 1828.87 1812.54 1797.36 1783.44 1770.87 1759.71 1750.02 1741.82 1735.06 1729.66 1725.44 1722.17 1719.64 1717.68 1716.34 1715.95 1717.09 1720.6 1727.57 1739.41 1757.74 1852.58 1878.41 1889.05 1883.24 1874.55 1867.45 1861.42 1854.59 1843.59 1826.8 1806.19 1784.97 1765.53 1748.76 1734.45 1721.69 1709.27 1696.06
2117.79 2126 2134.4 2142.52 2149.49 2153.87 2154.31 2151.98 2151.39 2152.71 2153.89 2150.99 2144.09 2134.37 2122.74 2109.69 2095.44 2080.09 2063.7 2046.37 2028.24 2009.46 1990.25 1970.81 1951.37 1932.14 1913.32 1895.08 1877.58 1860.97 1845.34 1830.8 1817.42 1805.28 1794.44 1784.94 1776.82 1770.05 1764.55 1760.15 1756.58 1753.53 1750.76 1748.25 1746.37 1745.86 1747.75 1753.21 1763.24 1847 1865.83 1878.25 1877.93 1869.48 1861.46 1855.42 1852.92 1852.41 1846.64 1832.16 1810.53 1788.42 1768.91 1753.02 1740.29 1729.45 1718.87 1706.93
2131.32 2140.48 2149.97 2159.41 2168.02 2174.5 2177.51 2177.24 2176.78 2177.63 2177.01 2172.82 2165.42 2155.78 2144.57 2132.12 2118.54 2103.87 2088.14 2071.45 2053.94 2035.8 2017.24 1998.49 1979.79 1961.35 1943.36 1925.99 1909.39 1893.65 1878.87 1865.12 1852.43 1840.85 1830.43 1821.19 1813.2 1806.46 1800.94 1796.47 1792.75 1789.35 1785.87 1782.13 1778.37 1775.33 1774.14 1841.69 1849.04 1859.55 1869.27 1872.63 1867.73 1859.11 1851.81 1847.09 1848.43 1856.31 1857.69 1840.67 1816.36 1792.59 1772.83 1757.9 1747.01 1738.46 1730.1 1719.76
2144.49 2154.57 2165.13 2175.9 2186.19 2194.8 2200.04 2200.74 2200.2 2201.65 2200.23 2195.05 2187.2 2177.64 2166.84 2154.97 2142.02 2127.97 2112.83 2096.7 2079.74 2062.16 2044.2 2026.12 2008.17 1990.57 1973.51 1957.12 1941.55 1926.86 1913.11 1900.31 1888.49 1877.62 1867.71 1858.79 1850.91 1844.14 1838.49 1833.84 1829.88 1826.07 1821.8 1816.59 1874.29 1868.95 1864.21 1861.56 1862.05 1865.15 1868.1 1867.4 1861.86 1853.42 1846.32 1844.89 1858.82 1875.62 1872.34 1849.96 1821.9 1796.35 1776.48 1762.7 1753.92 1748.04 1742.32 1733.87
2157.18 2168.11 2179.65 2191.61 2203.43 2214 2221.51 2223.8 2223.36 2225.49 2223.26 2217.32 2209.25 2199.91 2189.59 2178.29 2165.92 2152.41 2137.75 2122.07 2105.54 2088.41 2070.98 2053.54 2036.34 2019.62 2003.56 1988.3 1973.92 1960.46 1947.94 1936.33 1925.58 1915.61 1906.36 1897.8 1889.99 1883.03 1876.98 1871.79 1867.17 1921.89 1918.38 1913.23 1905.98 1896.83 1886.72 1877.41 1870.8 1867.49 1866.21 1864.49 1860.19 1854.5 1851.51 1861.84 1883.2 1896.2 1882.78 1854.57 1824.06 1798.04 1778.65 1766.25 1759.79 1756.92 1754.24 1748.03
2169.29 2180.96 2193.34 2206.26 2219.21 2231.19 2240.5 2244.87 2245.86 2247.78 2245.08 2239.06 2231.29 2222.46 2212.76 2202.05 2190.22 2177.14 2162.84 2147.44 2131.18 2114.38 2097.36 2080.47 2064 2048.2 2033.24 2019.24 2006.25 1994.25 1983.21 1973.05 1963.64 1954.83 1946.45 1938.39 1930.63 1923.29 1971.33 1965.96 1961.3 1956.73 1951.19 1943.57 1933.29 1920.31 1905.2 1889.95 1877.38 1869.22 1865.21 1863.3 1862.24 1866.74 1870.4 1881.51 1896.84 1897.04 1877.34 1848.58 1820.01 1795.77 1777.59 1766.73 1762.82 1763.24 1763.98 1760.21
2180.73 2193.05 2206.1 2219.67 2233.22 2245.61 2254.98 2259.31 2261.2 2264.76 2264.08 2259.59 2252.98 2245.1 2236.2 2226.17 2214.82 2202.08 2187.96 2172.66 2156.47 2139.79 2123.03 2106.58 2090.79 2075.92 2062.15 2049.56 2038.16 2027.89 2018.62 2010.22 2002.48 2048.99 2041.87 2034.61 2027.1 2019.53 2012.17 2005.13 1998.14 1990.53 1981.26 1969.52 1955.22 1938.5 1919.65 1900.38 1883.73 1872.04 1865.62 1863.92 1868.85 1873.35 1880.06 1888.29 1891.28 1879.84 1856.6 1831.87 1808.78 1788.05 1771.23 1761.68 1760.32 1764.52 1768.97 1767.61
2191.48 2204.33 2217.93 2231.96 2245.76 2258.14 2267.19 2271.88 2275.15 2279.62 2281.25 2279.02 2274.17 2267.63 2259.72 2250.42 2239.56 2227.03 2212.92 2197.49 2181.12 2164.32 2147.59 2131.42 2116.21 2102.26 2089.73 2078.71 2069.13 2060.87 2108.27 2101.73 2095.87 2090.39 2084.87 2078.72 2071.58 2063.64 2055.3 2046.66 2037.15 2025.71 2011.26 1993.7 1974.18 1953.7 1932.52 1911.41 1892.54 1878.17 1870.49 1867.89 1869.58 1874.35 1880.39 1883.15 1876.87 1859.43 1835.51 1813.03 1794.65 1775.9 1758.29 1750.32 1750.88 1758.57 1766.6 1766.96
2201.49 2214.82 2228.89 2243.38 2257.62 2270.31 2279.89 2285.64 2290.01 2295.4 2298.37 2297.92 2294.8 2289.75 2283.02 2274.52 2264.12 2251.72 2237.44 2221.63 2204.78 2187.55 2170.58 2154.47 2139.68 2126.56 2115.31 2161.94 2154.04 2147.8 2142.85 2138.8 2135.3 2132 2128.4 2123.73 2117.28 2109.21 2100.22 2090.55 2079.23 2064.29 2044.14 2019.73 1994.18 1970 1947.69 1926.63 1907.11 1890.89 1879.4 1873.05 1871.37 1872.94 1874.95 1872.78 1862.36 1843.66 1820.59 1798.72 1780.74 1759.69 1738.63 1728.87 1732.74 1744.94 1755.57 1755.61
2210.79 2224.5 2238.99 2254.01 2268.88 2282.52 2293.7 2301.8 2307.79 2312.66 2315.54 2316.04 2314.44 2310.96 2305.58 2298.06 2288.16 2275.8 2261.16 2244.67 2227.02 2209.02 2191.48 2175.13 2218.3 2205.25 2194.69 2186.67 2181.04 2177.47 2175.48 2174.44 2173.74 2172.86 2171.26 2168 2162.11 2153.67 2143.85 2133.3 2120.87 2103.5 2078.55 2047.87 2016.86 1989.85 1967.76 1948.53 1929.8 1911.69 1895.96 1883.97 1876.24 1872.05 1868.95 1863.13 1851.62 1833.35 1808.64 1783.71 1759.9 1734.61 1712.02 1703.03 1711.16 1727.43 1737.61 1733.59
2219.4 2233.35 2248.13 2263.54 2278.97 2293.47 2305.99 2315.87 2322.93 2327.45 2330.4 2332 2332.15 2330.56 2326.8 2320.44 2311.14 2298.79 2283.62 2328.95 2308.9 2288.59 2269.09 2251.29 2235.87 2223.28 2213.76 2207.37 2204.01 2203.28 2204.58 2207.02 2209.61 2211.44 2211.68 2209.22 2202.87 2192.84 2180.84 2168.14 2153.77 2134.03 2106.23 2072.67 2039.77 2012.6 1992.48 1976.64 1960.09 1940.49 1919.47 1900.19 1885 1874.23 1866.25 1857.99 1845.97 1826.43 1801.53 1771.19 1739.31 1710.34 1690.14 1681.3 1695.45 1713.29 1716.54 1703.35
2227.41 2241.39 2256.21 2271.66 2287.11 2301.56 2313.86 2323.38 2330.39 2335.8 2340.43 2344.31 2347 2347.81 2346.02 2409.3 2399.41 2385.62 2368.3 2348.24 2326.58 2304.68 2283.84 2265.13 2249.31 2236.85 2228.02 2222.95 2221.55 2223.48 2228.02 2234.05 2240.15 2244.82 2246.73 2244.39 2236.22 2222.68 2206.74 2190.17 2172.02 2149.56 2122.78 2089.69 2058.74 2034.83 2018.86 2006.96 1992.86 1972.01 1945.52 1918.82 1896.61 1880.38 1868.35 1856.15 1844.16 1826.82 1800.79 1766.96 1731.05 1699.61 1678.12 1674.72 1697.28 1706.21 1693.04 1667.12
2234.99 2248.79 2263.3 2278.3 2293.13 2306.62 2317.38 2324.86 2330.85 2337.72 2345.28 2352.55 2358.54 2432.94 2432.76 2427.93 2418.36 2404.22 2385.93 2364.36 2340.85 2317.06 2294.6 2274.73 2258.21 2245.51 2236.91 2232.59 2232.57 2236.55 2243.73 2252.75 2261.8 2268.9 2272.38 2270.18 2259.38 2240.98 2220.3 2200.5 2180.05 2155.69 2126.29 2095.1 2069.17 2051.12 2039.95 2030.92 2015.91 1994.27 1964.85 1934.44 1908.58 1888.74 1872.56 1861.23 1849.44 1832.84 1807.68 1774.5 1739.61 1710.25 1693.51 1697.91 1710.82 1693.98 1661.62 1625.29
2242.48 2255.89 2269.77 2283.88 2297.56 2309.72 2318.97 2324.54 2328.85 2336.47 2346.65 2357.46 2366.95 2445.85 2447.16 2442.91 2433.36 2418.8 2399.61 2376.56 2351.11 2325.29 2301.08 2279.92 2262.55 2249.29 2240.38 2236.11 2236.68 2241.86 2250.71 2261.61 2272.46 2281.13 2285.84 2283.61 2270.1 2247.05 2222.65 2200.43 2178.47 2152.44 2123.51 2094.55 2069.19 2055.15 2047.15 2039.28 2025.72 2003.4 1973.94 1943.17 1914.9 1895.06 1880.68 1869.38 1858 1842.81 1820.28 1791.29 1761.69 1737.28 1722.14 1715.14 1698.45 1660.73 1619.61 1579.16
2250.38 2263.3 2276.3 2289.08 2301.12 2311.65 2319.88 2325.64 2329.43 2335.29 2346.59 2360.27 2447.42 2455.87 2457.55 2453.03 2443.03 2428.04 2408.27 2384.12 2356.95 2329.13 2303.23 2280.92 2262.77 2248.79 2239.08 2234.14 2234.48 2240.1 2249.86 2261.74 2273.43 2282.72 2287.54 2284.07 2267.75 2242.11 2216.25 2192.12 2170.19 2141.58 2113.53 2086.18 2065.26 2052.83 2045.56 2037.17 2022.9 2000.78 1972.63 1942.57 1918.54 1900.45 1886.91 1875.72 1865.13 1852.43 1834.57 1811.59 1792.12 1765.31 1739.63 1708.5 1666.68 1618.39 1574.49 1532.73
2259.27 2271.81 2283.88 2295.04 2304.79 2312.61 2318.49 2323.27 2327.13 2333.08 2345.78 2361.98 2454.55 2462.73 2463.1 2457.01 2445.87 2430.47 2410.77 2386.49 2358.25 2328.62 2301.24 2278.22 2259.78 2245.26 2234.31 2227.95 2227.64 2233.54 2243.69 2255.95 2267.81 2276.93 2280.42 2274.09 2255.52 2228.31 2202.72 2175.03 2152.78 2128.78 2102.37 2077.22 2058.01 2045.99 2037.82 2028.02 2012.54 1989.65 1964.12 1938.57 1916.08 1898.58 1886.14 1877.46 1870.27 1861.76 1855.16 1842.7 1810.29 1776.7 1736.07 1685.11 1629.56 1576.71 1531.37 1489.23
2269.76 2282.31 2293.76 2303.44 2310.54 2314.38 2315.03 2314.59 2317.35 2327.24 2344.36 2445.74 2460.75 2466.1 2463.1 2453.97 2440.82 2424.89 2406.13 2383.38 2355.4 2324.08 2295.55 2272.66 2254.95 2240.38 2228.17 2220.83 2219.09 2224.81 2235.55 2247.68 2258.74 2265.09 2266.49 2257.54 2232.84 2207.41 2181.76 2157.83 2134.85 2111.28 2087.11 2065.11 2048.55 2037.69 2028.78 2016.4 1999.49 1977.27 1951.5 1925.87 1904.54 1889.74 1881.27 1877.18 1883.49 1890.67 1868.62 1838.2 1803.16 1761.81 1709.79 1650.06 1590.47 1536.36 1489.46 1447.52
2282.22 2295.52 2307.22 2316.32 2321.62 2321.86 2316.33 2307.52 2306.55 2322.61 2345.82 2455.77 2465.83 2465.69 2457.54 2444.23 2428.39 2411.74 2394.49 2375.19 2349.54 2316.38 2287.58 2265.68 2250.35 2237.37 2225.44 2213.93 2210.94 2217.16 2227.38 2238.68 2248.08 2250.24 2249.55 2238.05 2216.74 2190.64 2163.77 2137.91 2113.45 2090.13 2067.99 2049.14 2036.07 2027.92 2019.81 2006.61 1986.5 1960.94 1932.97 1907.55 1888.45 1885.79 1879.06 1887.69 1880.36 1864.68 1840.46 1808.85 1770.03 1723.23 1668.37 1609.23 1551.51 1498.8 1452.17 1411.09
2296.51 2311.56 2324.82 2335.08 2340.95 2340.81 2333.3 2321.3 2318.24 2334.22 2456.06 2467.54 2468.99 2461.5 2447.41 2429.79 2411.4 2394.13 2378.44 2362.38 2339.79 2308.46 2281.21 2260.88 2250.16 2241.69 2226.98 2211.38 2206.63 2212.5 2223.57 2229.81 2237.12 2243.21 2242.31 2228.45 2204.41 2175.95 2145.97 2116.62 2090.13 2067.07 2046.11 2029.07 2019.72 2020.02 2010.17 1995.06 1972.58 1944.41 1914.65 1895.07 1878.23 1863.47 1853.83 1846.29 1835.91 1818.85 1793.3 1759.97 1720.08 1673.96 1622.53 1568.5 1515.53 1466.12 1421.23 1380.41
2311.7 2329.38 2345.56 2359.02 2368.61 2372.9 2369.94 2361.79 2466.27 2475.26 2479.59 2477.76 2469.12 2454.01 2434.61 2413.72 2393.65 2375.92 2360.75 2345.89 2326.71 2302.51 2279.9 2264.2 2258.11 2250.02 2235.13 2218.14 2212.04 2212.87 2221.08 2230.77 2237.97 2245.17 2243.67 2221.63 2195.88 2164.15 2129.24 2095.83 2068.17 2046.23 2025.19 2007.08 1999.94 1993.18 2009.76 1983.89 1961.15 1938.52 1903.78 1870.89 1844.89 1825.55 1810.69 1797.53 1782.61 1762.71 1736.48 1704.48 1667.41 1625.59 1579.8 1532.13 1484.76 1439.34 1396.52 1356.04
2325.93 2346.56 2366.27 2384.04 2399.14 2485.42 2493.91 2499.79 2505.08 2504.25 2495.9 2483.1 2465.7 2444.47 2421.6 2399.08 2378.22 2359.95 2344.33 2329.81 2313.93 2296.66 2284.55 2275.83 2270.07 2249.47 2240.55 2229.19 2224.94 2227.33 2234.72 2241.79 2246.69 2239.14 2234.2 2215.12 2187.18 2151.05 2113.54 2080.11 2053.37 2031.53 2008.29 1986.39 1979.77 1986.34 1974.01 1985.22 1952.47 1921.31 1884 1846.78 1816.06 1791.3 1770.41 1751.85 1733.32 1711.56 1685.22 1655.03 1621.47 1584.21 1543.89 1502.05 1459.99 1418.41 1377.62 1337.77
2336.79 2359.6 2381.94 2477.29 2495.46 2508.3 2513.66 2516.36 2520.16 2516 2502.98 2483.81 2460.52 2435.69 2411.43 2388.56 2367.39 2348.42 2331.92 2317.42 2303.91 2293.52 2283.36 2274.89 2267.29 2262.78 2257.05 2250.3 2245.94 2247.38 2247.95 2249.52 2249.07 2244.35 2230.11 2204.01 2170.1 2131.82 2095.96 2065.43 2038.84 2014.39 1989.14 1967.26 1962.08 1984.66 1988.51 1999.91 1958.17 1917.41 1870.48 1827.94 1793.32 1765.15 1740.96 1719.04 1698.6 1674.88 1646.67 1616.97 1586.02 1551.88 1515.44 1478.26 1440.74 1402.66 1363.83 1325.01
2342.23 2365.38 2463.38 2484.91 2501.82 2511.33 2513.21 2513.67 2516.76 2516.51 2505.21 2484.24 2458.46 2432.22 2407.5 2384.48 2362.8 2342.82 2325.23 2310.22 2298.82 2289.75 2282.26 2278.74 2277.04 2275.25 2271.55 2267.13 2264.7 2265.6 2268.35 2269.61 2265.1 2250.5 2223.52 2186.15 2144.43 2103.09 2066.48 2035.78 2009.3 1986.23 1966.32 1972.55 1972.12 1989.87 1992.22 1972.22 1972.09 1881.26 1851.39 1815.54 1779.44 1750.87 1726.28 1701.14 1680.05 1653.48 1621.11 1590.88 1561.53 1528.33 1493.83 1459.65 1425.51 1390.88 1354.01 1316.19
2341.52 2362.94 2459.11 2476.58 2488.3 2493.52 2494.81 2497.02 2503.38 2510.89 2508.17 2491.6 2466.21 2438.56 2412.39 2388.01 2364.95 2343.4 2324.33 2308.04 2295.91 2287.37 2282.3 2280.03 2279.4 2278.98 2277.9 2276.53 2276.24 2278.04 2280.95 2280.88 2269.74 2242.22 2200.31 2155.59 2111.27 2070.93 2036.79 2008.93 1986.33 1991.6 1971.49 1958.53 1956.89 1961.42 1961.07 1957.63 1954.37 1860.09 1832.86 1806.79 1774.97 1746.21 1719.77 1693.39 1671.12 1641.59 1606.25 1576 1547.11 1512.96 1479.05 1445.33 1412.49 1382.14 1347.19 1309.52
2335.72 2428.97 2446.16 2457.98 2463.39 2463.99 2464.53 2468.84 2481.07 2502.63 2517.25 2509.29 2486.1 2455.45 2425.3 2397.85 2372.18 2348.61 2327.96 2311.33 2298.89 2290.03 2284.09 2280.59 2279.06 2278.81 2278.68 2279.06 2279.94 2280.62 2279.11 2271.82 2250.92 2211.39 2168.76 2133.68 2090.55 2091.02 2050.01 2015.68 1988.19 1966.73 1951.11 1942.02 1938.34 1935.61 1927.73 1917.48 1880.92 1850.92 1824.33 1800.27 1771.81 1743.09 1715.15 1688.5 1663.03 1632.88 1599.41 1569.3 1539.53 1505.9 1472.36 1438.15 1404.99 1377.33 1342.9 1304.29
